11.7 979.8 68.8
11.6 979.9 70.1
11.3 980.1 73.4
11.3 980.1 76.3
11.2 980.2 77.0
11.1 980.2 76.6
10.8 980.3 76.9
10.7 980.3 75.5
10.4 980.4 77.9
10.4 980.5 78.1
10.0 980.5 79.1
10.2 980.5 79.8
10.2 980.6 79.2
10.1 980.6 80.6
9.9 980.6 81.0
9.7 980.7 80.8
9.8 980.7 82.0
10.0 980.7 81.6
9.9 980.6 81.4
9.8 980.6 81.6
9.9 980.7 81.5
9.6 980.7 82.1
9.4 980.8 83.3
9.5 980.8 82.4
9.3 980.8 84.2
8.9 980.9 86.3
9.3 980.8 84.1
9.3 980.8 83.3
9.3 980.9 83.6
9.1 981.0 83.9
9.0 980.9 84.9
9.1 980.9 84.8
9.0 980.9 85.2
9.4 980.9 83.2
9.6 980.9 83.3
9.3 981.0 83.7
9.4 980.9 84.1
9.2 980.9 84.7
9.5 981.0 84.3
9.7 981.0 83.0
9.4 981.0 83.1
9.4 981.1 84.2
9.3 981.0 84.4
9.4 981.0 84.8
9.2 981.1 85.0
9.6 981.1 83.7
9.4 981.2 84.4
9.3 981.2 84.4
9.0 981.2 87.1
8.9 981.2 87.7
9.1 981.2 86.5
9.3 981.2 85.9
9.4 981.2 86.0
9.5 981.1 85.3
9.4 981.1 85.2
9.2 981.1 85.4
9.0 981.2 86.4
9.3 981.1 84.9
9.6 981.2 84.2
9.6 981.1 84.4
9.6 981.2 84.0
9.5 981.2 84.5
9.2 981.3 85.6
9.3 981.3 86.1
9.3 981.4 86.6
9.1 981.3 87.2
8.8 981.2 88.1
8.6 981.1 88.6
8.8 981.1 88.3
8.8 981.0 88.3
8.7 981.0 87.9
8.8 981.0 87.8
8.9 981.0 87.2
8.8 981.0 87.8
8.9 981.0 87.5
8.8 981.0 87.5
8.7 981.0 88.0
8.9 980.9 86.7
8.8 980.9 87.4
8.9 980.9 87.2
8.9 980.8 87.3
8.9 980.9 86.2
8.8 980.9 86.8
8.9 980.9 87.0
9.2 980.9 85.2
8.8 980.8 86.7
8.7 980.9 86.7
8.8 980.9 86.7
8.6 980.9 87.0
8.4 981.0 88.1
8.5 981.0 88.5
8.2 981.0 89.4
8.2 981.0 89.8
8.2 980.9 90.0
8.2 981.0 89.9
8.2 980.9 90.4
8.4 980.9 88.7
8.5 980.9 87.4
8.7 981.0 86.8
8.8 981.1 86.0
8.4 981.1 86.9
8.2 981.0 87.6
8.4 980.9 86.7
8.8 980.9 84.8
8.5 981.0 85.7
8.5 981.0 85.5
15.0 982.9 50.2
14.9 982.8 49.8
14.7 982.8 50.8
14.7 982.9 50.3
14.7 982.8 50.3
14.5 982.9 52.0
14.0 983.1 52.8
14.2 983.0 52.5
14.1 983.1 53.1
13.7 983.0 54.3
14.1 983.0 53.0
14.2 983.0 52.8
13.8 983.1 54.4
13.9 983.1 53.4
13.7 983.1 54.9
14.0 983.1 53.7
14.0 983.1 53.7
14.1 983.1 53.5
13.6 983.2 57.4
12.8 983.3 60.9
13.3 983.2 59.9
13.6 983.1 57.9
13.6 983.2 58.3
13.6 983.1 57.9
13.3 983.1 59.3
13.3 983.2 56.5
13.1 983.1 60.8
12.6 983.1 63.1
12.6 983.0 63.1
12.8 983.0 61.1
13.6 983.0 56.3
13.6 983.0 56.0
13.5 983.0 57.1
13.4 983.0 58.0
13.3 982.9 57.6
13.7 983.0 56.3
13.4 983.0 58.1
13.1 983.0 61.1
12.7 982.9 62.3
12.8 982.9 61.7
12.5 982.9 63.6
12.7 982.9 63.1
13.2 982.8 60.3
13.2 982.7 59.6
13.2 982.8 59.2
13.2 982.6 59.0
13.5 982.6 57.2
12.7 982.7 61.8
12.2 982.6 64.3
11.9 982.7 65.2
11.6 982.8 67.7
11.5 982.8 68.7
11.1 982.8 70.4
11.3 982.9 69.4
11.3 982.9 69.8
11.1 982.9 70.2
11.5 982.9 68.9
11.7 982.8 68.1
11.3 982.9 69.5
11.4 982.8 69.1
11.4 982.9 69.4
11.3 982.9 70.3
10.7 982.9 72.0
11.0 982.8 72.4
10.3 982.9 73.9
10.8 982.8 73.0
10.7 983.0 72.8
10.6 982.9 73.5
10.8 982.9 72.9
11.1 982.8 71.4
11.0 982.8 71.6
10.8 982.8 73.0
10.8 982.7 71.0
10.8 982.8 72.5
10.6 982.8 73.5
10.7 982.7 73.9
10.3 982.8 73.6
10.4 982.8 74.4
10.2 982.8 75.5
10.4 982.8 76.3
10.0 982.8 76.4
10.0 982.8 76.8
9.8 982.9 76.9
10.1 982.9 76.3
9.7 982.9 77.6
10.0 983.0 77.3
10.0 983.0 76.7
10.1 983.0 77.0
10.3 983.0 76.4
10.0 983.0 77.8
10.1 983.0 77.7
10.5 983.0 75.5
10.8 983.0 74.3
10.3 983.0 75.9
11.2 982.9 69.0
11.4 983.0 67.4
11.7 982.9 65.4
11.9 982.9 63.3
11.9 982.9 63.0
11.9 983.0 62.9
12.1 983.0 62.2
12.2 983.0 61.2
12.3 983.0 60.6
11.2 983.1 69.6
11.2 983.0 72.0
12.4 983.0 64.7
11.1 983.1 72.9
11.5 983.0 72.5
11.7 982.9 72.9
11.6 982.8 73.9
11.9 982.8 74.7
12.4 982.5 72.9
13.1 982.5 68.8
12.7 982.6 70.6
12.8 982.5 71.0
13.2 982.4 70.4
13.0 982.5 68.5
13.3 982.4 69.8
13.2 982.4 67.4
13.5 982.4 67.2
13.8 982.4 66.9
13.9 982.3 66.1
13.6 982.3 64.7
13.7 982.3 63.6
14.3 982.0 62.3
14.7 982.0 61.6
14.8 982.0 60.8
14.4 982.0 60.3
14.7 982.0 59.4
14.9 981.9 57.9
15.9 981.8 58.4
15.5 981.8 57.4
16.1 981.8 58.5
16.1 981.8 58.0
16.5 981.9 54.6
16.7 981.9 53.9
17.0 981.9 52.2
17.3 981.8 50.6
17.2 981.7 51.7
16.7 981.8 53.2
17.4 981.7 53.3
18.0 981.7 53.6
18.5 981.7 52.8
18.6 981.6 50.1
18.6 981.6 50.9
18.6 981.6 51.1
18.7 981.6 48.0
19.6 981.5 47.5
19.3 981.5 45.0
19.8 981.4 42.8
20.2 981.4 44.1
19.5 981.4 43.2
20.0 981.3 42.8
20.4 981.2 40.4
20.7 981.1 39.2
21.1 981.0 38.6
21.5 981.0 37.5
21.7 980.9 38.3
21.5 980.8 35.1
21.4 980.8 34.4
20.8 980.8 32.5
22.0 980.7 34.8
21.7 980.6 34.0
21.8 980.6 31.5
21.8 980.6 29.8
22.1 980.5 29.3
22.2 980.5 29.7
22.8 980.4 30.4
23.2 980.3 29.0
22.4 980.4 26.8
22.4 980.3 27.0
22.3 980.3 27.5
23.0 980.1 27.0
23.7 980.1 27.6
22.9 980.0 25.6
23.1 980.0 26.0
23.3 979.9 27.3
23.8 979.9 27.6
23.2 979.9 25.2
23.3 979.9 25.9
23.1 979.9 25.5
22.6 980.0 25.3
23.2 979.9 26.0
23.5 979.9 25.8
23.3 979.9 27.1
23.5 979.9 26.1
22.9 979.9 26.5
23.1 979.8 27.9
23.8 979.7 28.6
23.6 979.6 26.7
23.1 979.6 27.7
22.7 979.6 27.1
22.8 979.5 26.7
22.7 979.5 27.3
22.1 979.5 26.5
22.9 979.4 28.4
23.0 979.4 28.6
23.0 979.3 27.5
22.7 979.3 28.2
23.0 979.2 29.4
23.4 979.1 29.1
22.7 979.2 29.7
23.0 979.1 29.8
22.8 979.1 30.8
22.6 979.1 29.7
22.6 979.1 30.7
22.4 979.0 31.4
22.2 979.0 31.2
22.2 979.0 32.5
22.6 978.9 33.2
22.3 978.9 33.7
22.3 978.9 32.6
22.6 978.7 33.2
22.5 978.7 32.8
22.8 978.8 33.3
22.6 978.8 33.4
22.4 978.7 33.0
22.2 978.9 32.4
21.9 978.9 32.5
22.0 978.8 33.5
21.9 978.8 32.8
21.7 978.8 33.3
21.8 978.9 33.6
21.4 978.9 32.8
21.4 978.8 33.3
21.4 978.8 33.1
21.2 978.9 32.9
21.2 978.9 33.1
21.0 978.8 33.0
21.0 978.9 33.4
20.8 978.9 33.3
20.6 979.0 32.9
20.6 978.9 32.7
20.5 978.9 33.9
20.3 978.9 33.7
20.3 979.0 32.9
20.1 979.0 33.4
19.9 979.2 33.5
19.8 979.0 33.3
19.7 979.2 33.7
19.5 979.3 34.4
19.4 979.1 34.5
19.2 979.4 34.9
19.2 979.4 35.0
19.1 979.6 34.8
18.9 979.6 35.5
18.5 979.6 35.9
18.4 979.7 36.6
18.5 979.7 36.6
18.2 979.9 37.3
18.2 979.8 37.4
17.9 979.9 38.7
17.9 980.0 38.9
17.8 980.0 38.9
17.7 980.1 39.8
17.6 980.1 40.3
17.6 980.1 40.5
17.4 980.1 40.6
17.4 980.2 40.9
17.4 980.4 41.4
17.2 980.4 41.4
17.1 980.5 41.5
17.1 980.6 41.5
17.1 980.6 41.4
17.0 980.7 42.2
16.9 980.9 42.4
17.0 980.8 42.0
17.0 980.9 42.1
16.9 980.9 42.6
16.9 981.0 42.7
16.7 980.9 43.0
15.9 981.1 45.7
15.4 981.1 48.6
15.6 981.2 48.0
15.5 981.3 47.8
15.3 981.3 49.4
15.0 981.4 50.3
15.1 981.3 50.4
15.2 981.3 49.8
14.7 981.4 51.2
14.5 981.4 52.2
14.7 981.4 51.0
14.5 981.5 51.8
14.3 981.5 53.0
14.2 981.5 53.9
14.2 981.5 53.5
14.1 981.5 53.9
13.6 981.8 54.9
13.7 981.7 55.6
13.7 981.7 55.6
13.8 981.8 55.6
13.6 981.8 55.9
13.6 981.8 55.4
13.6 981.8 55.9
13.3 981.9 57.0
13.7 981.8 56.2
13.5 981.8 56.4
13.5 981.9 57.0
13.4 981.9 58.3
13.6 981.9 58.9
13.4 981.8 60.0
13.6 981.8 60.0
14.0 981.7 59.6
14.2 981.8 58.6
14.4 981.8 58.5
13.9 982.0 60.1
13.6 982.0 60.9
6.8 982.4 83.1
6.6 982.5 83.3
7.0 982.2 79.9
7.0 982.2 76.1
6.7 982.4 82.0
6.8 982.3 81.6
6.2 982.4 83.7
6.1 982.4 83.0
6.7 982.4 78.6
6.4 982.4 81.9
5.8 982.5 84.1
6.0 982.6 84.6
6.0 982.6 86.2
5.6 982.6 86.9
5.6 982.5 85.9
5.9 982.4 84.0
6.0 982.5 83.5
6.0 982.4 85.2
6.0 982.3 85.3
6.2 982.4 83.8
6.2 982.4 80.7
6.2 982.3 82.5
5.6 982.4 85.2
6.0 982.3 85.3
6.1 982.4 84.4
5.8 982.4 84.8
6.1 982.3 84.0
5.4 982.3 86.6
5.4 982.3 86.8
5.7 982.2 82.7
6.3 982.2 77.3
6.5 982.1 75.8
6.3 982.1 75.1
6.2 982.2 76.2
6.3 982.3 75.3
6.2 982.3 75.1
6.1 982.3 73.9
6.3 982.3 73.5
6.2 982.2 72.7
6.1 982.2 72.6
6.2 982.2 72.7
6.1 982.3 74.3
6.0 982.1 73.2
6.0 982.2 77.9
5.8 982.3 78.4
5.7 982.2 75.8
5.9 982.2 72.3
6.1 982.1 72.3
6.0 982.0 74.8
6.1 982.2 71.2
6.3 982.1 71.6
6.3 982.0 69.3
6.1 982.0 69.6
6.1 982.0 69.4
6.2 981.9 68.2
6.3 981.9 67.8
6.1 981.9 67.7
6.2 981.8 67.1
6.4 981.8 66.3
6.4 981.8 65.5
6.5 981.8 65.5
6.2 981.7 65.4
6.1 981.7 66.3
6.2 981.7 65.2
6.0 981.9 65.9
6.0 981.8 66.4
6.0 981.8 66.0
6.0 981.8 65.8
5.8 981.8 66.0
6.0 981.8 65.7
6.0 981.7 65.4
6.1 981.8 64.1
6.1 981.9 63.8
5.9 982.0 64.6
5.9 982.0 65.2
5.8 982.1 64.7
5.9 982.1 64.5
6.1 982.1 64.2
6.0 982.2 63.6
6.2 982.2 64.1
6.2 982.2 64.4
6.1 982.2 64.1
6.2 982.3 64.5
6.0 982.3 64.7
6.3 982.3 65.9
6.0 982.4 65.5
6.2 982.5 67.9
6.4 982.6 66.0
5.8 982.6 71.1
6.1 982.6 70.8
6.5 982.5 68.7
6.4 982.5 69.1
6.1 982.5 71.3
6.9 982.4 70.8
7.5 982.3 69.3
7.3 982.4 66.7
7.6 982.3 67.6
8.3 982.3 62.4
8.9 982.2 58.3
9.3 982.2 55.7
9.3 982.2 54.9
9.3 982.1 54.5
9.4 982.2 55.4
9.3 982.2 54.7
9.7 982.2 54.7
9.7 982.3 52.8
9.8 982.3 56.6
10.0 982.2 52.4
10.6 982.2 54.7
10.8 982.3 50.9
10.8 982.3 48.8
11.0 982.3 54.8
11.0 982.3 52.8
11.0 982.3 52.2
11.2 982.3 49.9
10.7 982.3 53.9
12.0 982.3 50.8
12.4 982.2 51.5
11.7 982.2 50.1
12.4 982.2 48.0
11.9 982.2 47.4
12.5 982.1 47.7
11.9 982.2 46.5
12.2 982.1 43.5
12.3 982.1 42.6
12.6 982.0 41.3
12.4 982.0 39.3
12.8 981.9 39.7
12.1 982.0 37.4
12.4 981.9 37.3
13.4 981.8 37.2
13.2 981.8 38.1
13.3 981.7 37.3
13.6 981.6 36.2
14.2 981.4 35.7
13.6 981.3 35.4
14.3 981.2 34.4
14.6 981.2 34.8
14.3 981.1 31.8
14.3 981.1 32.3
14.8 981.0 32.3
15.6 980.9 31.1
15.5 980.9 32.8
14.2 980.9 30.2
15.4 980.8 32.2
15.5 980.7 31.7
15.3 980.6 31.2
14.1 980.9 33.6
16.1 980.4 30.0
15.8 981.2 39.9
15.2 981.1 41.2
15.5 980.1 29.7
15.7 980.9 39.1
14.8 981.0 40.4
13.6 981.0 39.8
15.0 980.7 38.0
14.7 980.6 36.1
14.4 980.6 35.3
14.5 980.6 35.9
14.3 980.6 36.8
14.7 980.5 36.3
14.8 980.6 38.1
15.1 980.6 37.1
15.2 980.6 38.8
15.2 980.5 38.0
15.5 980.4 36.9
15.7 979.7 28.4
16.3 979.8 28.4
17.0 980.5 35.6
15.9 980.7 37.3
15.9 980.5 34.4
16.7 979.9 29.2
17.3 979.7 28.1
17.2 979.7 28.8
17.4 979.6 29.9
18.0 979.6 31.0
17.0 980.4 35.7
16.1 979.6 28.1
16.3 979.6 29.5
17.1 980.2 36.5
17.0 979.6 28.9
17.2 979.5 28.4
16.8 979.6 31.8
15.4 979.8 40.9
15.3 979.9 41.3
14.9 979.9 41.2
15.3 979.8 41.6
15.2 979.9 42.5
14.9 979.9 42.8
14.6 979.8 42.5
14.9 979.9 42.7
14.4 979.9 42.3
14.6 980.0 44.0
14.8 979.9 43.6
14.4 980.0 43.2
14.5 980.0 44.3
14.5 980.0 43.4
14.2 980.2 44.1
14.0 980.2 43.5
14.1 980.2 46.1
13.8 980.2 45.6
13.6 980.2 45.0
13.1 980.2 45.4
13.3 980.1 45.0
13.4 980.1 45.8
13.3 980.1 45.3
13.3 980.3 45.3
13.2 980.3 45.9
12.8 980.4 46.1
12.7 980.5 46.7
12.3 980.5 47.4
12.3 980.6 47.4
12.3 980.4 47.7
12.1 980.5 48.3
11.8 980.7 48.8
11.6 980.6 48.9
11.3 980.7 49.7
11.1 980.7 50.0
11.1 980.7 49.9
10.9 980.8 50.7
10.7 980.6 50.4
10.6 980.9 52.2
10.8 980.8 51.3
10.7 980.9 51.8
10.4 981.0 52.2
10.4 980.9 52.0
10.4 981.2 53.1
10.3 981.2 52.6
10.2 981.3 52.8
10.2 981.4 52.4
10.3 981.4 53.5
8.6 980.0 71.8
8.3 979.9 72.9
8.3 979.9 72.7
7.9 979.9 74.9
7.8 979.8 75.6
8.1 979.7 74.1
7.9 979.7 74.5
7.9 979.6 74.5
7.9 979.6 75.5
7.9 979.6 73.5
8.0 979.5 71.4
7.8 979.5 74.4
8.1 979.5 71.7
8.4 979.4 69.5
8.4 979.4 69.5
8.2 979.3 70.9
8.1 979.4 72.0
8.0 979.3 73.3
7.5 979.2 75.9
7.6 979.3 75.4
8.2 979.2 71.1
8.2 979.2 71.9
7.8 979.2 73.7
8.0 979.1 72.2
8.4 979.2 70.7
8.5 979.1 70.0
8.0 979.2 71.4
7.8 979.2 73.1
8.3 979.2 70.4
8.4 979.2 69.9
7.8 979.2 71.7
8.1 979.2 71.0
7.9 979.2 71.6
7.8 979.2 71.6
7.6 979.2 74.1
7.9 979.1 71.6
7.7 979.0 73.7
8.0 979.0 70.4
8.1 979.0 70.5
8.1 979.1 69.1
8.1 979.0 69.8
8.3 979.0 69.5
8.2 979.0 70.1
8.2 979.0 70.1
8.2 978.9 70.5
8.2 978.9 69.9
8.1 978.9 70.6
7.8 978.9 71.8
7.4 979.0 74.0
7.2 979.0 74.0
7.1 978.9 75.6
7.1 978.9 75.3
7.4 979.0 73.5
7.8 979.1 71.4
7.9 979.1 70.9
8.1 979.0 70.4
7.9 979.0 70.9
8.1 979.0 69.9
7.7 979.0 72.3
7.8 979.1 72.1
7.8 979.2 72.4
8.1 979.1 69.3
8.5 979.0 68.2
8.2 979.1 68.3
8.5 979.2 68.1
8.8 979.2 66.1
8.5 979.2 66.9
8.3 979.2 69.2
8.0 979.3 70.4
8.6 979.2 67.0
9.1 979.2 66.9
8.8 979.1 64.9
8.9 979.1 65.1
7.8 979.2 71.2
8.2 979.2 70.0
9.1 979.1 64.4
9.1 979.1 64.2
9.1 978.9 65.3
9.4 978.9 63.0
9.5 978.9 61.5
9.5 978.9 62.0
9.7 978.8 62.4
9.7 978.6 60.6
9.8 978.4 58.4
9.9 978.2 57.2
10.0 978.3 59.6
10.1 978.1 58.2
10.6 978.1 57.2
10.9 977.9 56.9
10.5 977.9 55.3
11.1 977.6 53.9
11.2 977.5 52.9
11.5 977.3 55.7
11.6 978.0 57.9
12.0 977.5 55.2
12.6 977.3 51.5
12.6 977.6 51.8
12.7 977.6 53.0
12.6 977.4 51.5
12.1 977.7 51.1
11.9 977.6 53.2
11.7 977.7 52.4
12.3 977.5 52.1
13.1 977.0 47.3
12.3 977.5 50.2
12.7 977.4 53.3
12.9 977.2 47.5
12.5 977.3 45.6
12.9 976.9 42.4
13.3 977.1 42.8
13.7 977.2 43.5
13.0 977.3 42.9
13.8 976.6 38.5
14.2 976.4 37.8
14.6 976.6 36.2
14.0 976.7 37.8
14.2 976.3 36.1
15.1 976.6 37.4
14.8 976.3 36.2
15.3 976.1 33.8
15.3 976.1 32.5
16.1 976.0 31.4
15.4 976.0 30.6
15.8 975.8 30.7
14.7 976.1 33.2
15.2 975.6 31.1
16.2 975.8 32.2
16.6 975.6 29.2
16.8 975.6 30.3
15.6 976.0 32.7
17.1 975.5 29.2
15.5 975.7 32.7
15.5 975.9 34.3
14.7 976.1 35.8
15.7 975.7 35.1
16.2 975.8 34.6
16.4 975.7 34.2
16.6 975.4 30.6
16.1 975.6 32.6
16.4 975.4 30.8
16.5 975.5 31.3
16.6 975.6 31.2
15.9 975.3 29.2
16.3 975.7 32.7
16.8 975.5 30.5
16.4 975.6 31.0
16.8 975.4 29.2
16.9 975.4 31.1
16.4 975.2 27.5
16.5 975.5 30.8
16.1 975.4 30.5
16.7 975.1 28.0
17.0 975.2 28.1
16.8 975.3 28.0
17.0 975.5 31.6
16.8 975.8 35.0
17.0 975.4 32.9
16.8 975.2 31.0
17.0 975.1 30.8
17.0 975.4 34.1
16.4 974.9 30.2
17.0 975.2 32.9
16.7 974.9 30.3
17.1 975.0 32.0
15.9 975.1 34.1
16.5 974.5 30.0
17.4 974.6 31.7
16.4 975.1 36.9
15.6 974.9 35.5
16.0 974.9 33.9
16.1 974.9 34.8
16.3 975.1 36.0
16.0 975.0 36.0
16.1 974.9 35.1
15.8 975.1 39.6
15.4 975.0 38.8
15.3 975.1 38.8
15.6 975.0 37.5
15.9 975.1 38.0
15.5 975.3 39.2
15.4 975.3 39.8
15.3 975.2 40.5
15.2 975.1 41.4
15.2 975.2 40.4
15.1 975.2 41.2
15.0 975.2 40.9
14.7 975.3 42.5
14.5 975.3 41.5
14.5 975.4 42.1
14.6 975.5 42.2
14.5 975.5 42.9
14.6 975.4 42.5
14.8 975.4 43.4
14.5 975.4 42.9
14.6 975.5 42.8
14.4 975.5 43.7
14.4 975.5 44.2
14.4 975.5 43.8
14.3 975.5 43.9
14.4 975.6 43.5
14.4 975.6 43.8
14.1 975.7 44.7
14.1 975.8 45.9
13.8 975.7 46.3
13.7 975.7 45.5
13.6 975.7 45.4
13.7 975.7 45.7
13.6 975.8 46.1
13.4 975.8 45.2
13.3 975.9 45.5
13.1 975.9 45.6
13.1 976.0 45.3
12.9 976.0 46.4
12.7 976.0 46.2
12.7 976.1 46.9
12.6 976.2 47.0
12.6 976.3 48.0
12.5 976.2 46.8
12.4 976.3 46.8
12.3 976.4 47.2
12.1 976.5 47.4
12.0 976.6 48.9
12.0 976.7 48.6
11.7 976.9 49.0
11.8 977.0 48.7
11.7 977.1 49.2
11.6 977.1 49.5
11.5 977.1 50.1
11.5 977.1 49.5
11.4 977.2 50.2
11.3 977.2 49.9
11.3 977.3 49.2
11.5 977.3 49.0
11.4 977.3 49.3
11.4 977.3 49.6
11.3 977.3 50.0
11.4 977.4 49.7
11.3 977.5 50.0
11.4 977.5 50.0
11.3 977.4 50.6
11.1 977.5 50.9
11.2 977.5 51.1
11.1 977.4 51.5
11.0 977.5 52.3
11.1 977.5 52.0
10.8 977.5 52.0
10.9 977.5 53.8
10.1 977.6 57.6
9.9 977.6 59.0
10.2 977.5 58.4
10.0 977.5 59.3
9.9 977.6 60.0
10.1 977.4 57.3
10.0 977.5 55.7
10.3 977.5 56.0
9.9 977.4 58.8
10.0 977.4 58.5
9.8 977.5 58.6
9.6 977.6 59.6
9.4 977.5 61.4
9.4 977.5 61.1
9.4 977.4 61.9
9.2 977.4 60.6
9.6 977.5 60.7
9.3 977.5 61.2
9.6 977.4 58.6
9.0 977.5 60.8
9.3 977.4 61.5
8.7 977.4 63.8
8.7 977.4 64.9
8.8 977.3 64.0
9.0 977.3 62.7
9.0 977.3 62.9
8.4 977.3 64.1
8.3 977.4 65.5
8.3 977.3 65.7
8.3 977.2 64.5
8.4 977.3 65.0
8.4 977.1 63.9
8.3 977.0 65.0
8.2 977.0 65.7
8.1 977.0 67.1
8.2 976.9 65.6
7.9 976.9 66.7
8.2 976.9 65.1
7.8 976.8 64.8
7.9 976.7 64.0
7.8 976.5 65.1
8.0 976.6 63.4
7.9 976.6 63.7
7.7 976.5 65.4
7.7 976.5 64.7
7.7 976.4 64.8
8.0 976.2 60.2
8.3 976.3 57.4
8.0 976.3 58.2
7.8 976.0 62.9
7.7 976.0 63.6
7.5 976.1 63.5
7.3 975.9 64.7
6.9 975.8 66.4
7.1 975.8 64.6
7.1 975.7 64.7
7.1 975.7 64.5
7.2 975.7 61.0
7.5 975.6 55.6
6.9 975.6 62.8
7.1 975.5 61.2
7.9 975.4 49.2
7.8 975.4 52.7
7.3 975.3 56.0
7.7 975.2 48.8
7.2 975.3 57.5
6.7 975.3 59.8
7.2 975.2 55.7
7.1 975.2 54.6
7.8 975.1 47.6
8.0 975.2 45.3
6.7 975.3 58.7
7.3 975.2 49.4
7.2 975.1 46.7
7.7 975.0 45.2
7.5 975.1 46.2
7.5 975.2 46.3
7.5 975.2 46.4
7.5 975.1 45.4
7.5 975.0 46.0
7.5 974.9 46.4
7.5 975.0 46.7
7.5 975.0 46.3
7.6 975.2 45.4
7.5 975.2 45.1
7.8 975.2 45.2
7.7 975.2 44.9
7.7 975.1 44.8
7.5 975.0 45.3
7.8 975.2 45.0
7.1 975.2 48.1
6.9 975.0 52.1
7.4 975.0 48.0
7.6 975.1 46.8
7.2 975.3 50.3
6.7 975.3 51.7
7.5 975.4 47.4
7.4 975.3 47.8
7.4 975.2 47.0
7.7 975.3 47.0
7.7 975.3 47.1
7.8 975.2 47.2
8.2 975.1 45.5
8.5 975.0 44.5
8.4 975.0 45.0
8.3 975.0 45.0
8.6 974.9 44.4
8.7 974.9 45.2
8.9 974.8 45.4
8.8 974.7 44.5
9.0 974.4 44.1
9.0 974.4 44.1
9.1 974.3 44.6
9.1 974.4 44.2
9.4 974.4 44.6
9.3 974.4 45.0
9.3 974.5 45.8
9.8 974.2 44.7
10.1 974.1 42.8
10.6 974.0 42.0
10.6 973.9 41.2
10.8 973.7 39.6
11.2 973.8 40.0
11.2 973.7 41.1
11.1 973.7 38.6
11.2 973.6 39.4
11.2 973.5 38.8
10.6 973.6 40.2
11.3 973.3 42.0
11.6 973.4 41.4
11.2 973.4 43.5
11.2 973.2 42.5
12.6 973.1 40.4
12.2 973.3 43.7
11.2 973.6 45.2
11.0 973.8 47.9
11.6 973.3 43.6
12.3 973.3 42.2
12.6 973.2 41.3
13.1 972.9 42.1
13.3 973.1 38.4
13.0 973.0 39.2
13.8 972.9 37.5
14.6 972.8 34.8
13.8 972.9 33.7
14.2 972.7 32.5
14.6 972.5 29.9
14.6 972.4 27.2
15.2 972.5 27.9
16.0 972.5 28.3
15.2 972.5 27.2
15.7 972.5 28.0
15.7 972.5 26.6
15.0 972.7 28.8
16.2 972.7 29.7
15.9 972.7 28.0
15.5 972.7 29.3
16.5 972.7 27.3
16.0 972.7 27.9
16.6 972.6 28.4
16.5 972.7 28.8
15.7 972.6 27.3
15.6 972.5 27.6
15.5 972.3 26.9
17.1 972.1 25.4
16.8 972.1 24.9
17.2 972.0 26.4
17.6 972.0 24.8
18.0 971.6 22.6
18.0 971.5 22.8
18.6 971.6 21.1
18.6 971.4 21.7
18.0 971.4 20.7
18.7 971.4 22.2
18.6 971.3 20.2
18.4 971.3 21.5
18.1 971.0 21.6
18.7 971.5 25.5
18.7 971.4 22.6
19.4 971.2 24.5
17.9 971.4 22.4
18.3 971.3 26.7
18.3 971.2 21.4
18.6 971.2 22.5
18.6 971.2 24.4
18.9 971.1 23.8
19.5 970.8 21.9
19.4 970.9 21.8
19.4 970.9 23.4
19.6 970.8 21.3
19.2 970.9 23.0
18.9 971.0 21.7
19.3 970.8 23.0
19.8 971.2 26.4
18.5 971.4 27.0
19.0 971.1 22.4
19.3 971.0 23.1
18.9 971.2 23.2
18.9 971.3 25.2
18.3 971.4 27.1
18.2 971.4 26.5
17.8 971.4 27.9
17.4 971.4 27.4
17.4 971.6 29.2
17.4 971.5 30.0
17.2 971.6 29.5
16.8 971.8 33.8
15.9 971.8 32.5
16.2 971.8 32.4
16.1 971.6 31.8
16.9 971.4 31.5
17.0 971.3 30.0
17.0 971.4 30.7
16.7 971.4 31.1
16.7 971.7 32.1
16.5 971.8 35.1
16.0 971.9 36.2
15.3 972.0 37.0
15.6 972.1 36.9
15.3 972.0 38.8
15.2 972.0 37.9
15.5 972.0 38.5
15.4 972.0 38.7
15.6 971.9 38.5
15.2 972.0 38.8
15.1 972.0 39.1
15.2 972.0 38.7
14.9 972.1 39.7
14.8 972.1 38.9
15.3 971.8 36.3
15.6 971.7 36.5
15.7 971.9 35.9
15.2 972.1 37.5
15.1 972.4 40.0
14.5 972.3 41.6
14.6 972.5 41.6
14.3 972.5 42.0
14.1 972.5 42.7
14.0 972.6 42.3
13.8 972.7 42.9
13.5 972.8 44.3
13.4 973.0 44.9
13.2 973.0 44.5
13.0 973.1 44.6
12.8 973.0 45.4
12.6 973.2 45.7
12.5 973.1 46.4
12.2 973.2 45.8
12.4 973.2 46.3
12.4 973.2 46.2
12.3 973.4 46.7
12.3 973.4 46.7
12.3 973.5 46.7
12.0 973.6 47.0
12.0 973.6 47.2
11.9 973.7 46.9
11.7 973.7 47.4
11.7 973.7 48.2
11.6 973.8 48.5
11.5 973.8 48.8
11.5 973.8 49.1
11.6 973.8 49.4
11.4 974.0 49.2
11.2 973.9 49.8
11.3 974.2 50.5
11.3 974.1 49.0
11.3 974.3 52.1
11.1 974.6 51.0
11.2 974.6 51.0
11.0 974.7 50.7
10.9 974.6 51.1
10.9 974.7 51.0
10.9 974.9 51.5
10.8 974.8 51.2
10.9 974.8 51.4
11.0 974.9 51.5
10.5 975.0 51.8
10.7 975.0 51.9
10.5 975.1 51.0
10.4 975.1 52.0
10.5 975.0 51.7
10.3 975.2 52.8
10.4 975.2 52.1
10.3 975.1 52.1
10.3 975.2 52.0
10.5 975.2 52.0
10.0 975.2 52.2
10.1 975.4 52.2
10.2 975.4 52.0
10.0 975.5 52.8
10.2 975.5 52.4
10.1 975.6 52.1
10.0 975.6 52.7
10.0 975.6 52.9
9.8 975.6 54.3
9.7 975.6 54.0
9.7 975.6 54.4
9.6 975.6 54.8
9.7 975.7 55.0
9.8 975.7 53.3
9.7 975.8 54.8
9.6 975.9 55.2
9.3 975.9 57.5
9.0 975.9 60.2
8.8 975.9 61.0
8.7 975.9 62.0
8.3 975.9 63.1
8.9 975.9 61.7
8.8 975.9 62.3
8.6 976.0 62.7
8.2 976.0 64.2
8.0 976.1 64.8
8.2 975.9 64.6
8.4 975.9 64.8
8.6 975.9 63.5
8.5 976.0 63.6
8.5 976.1 63.6
8.7 976.1 63.7
8.5 976.1 64.5
8.4 976.0 65.7
8.5 976.0 65.7
8.4 976.0 66.9
8.8 976.0 63.9
8.8 976.0 64.3
9.0 976.0 63.7
9.0 976.0 63.6
8.9 975.9 64.8
8.6 975.9 64.9
8.9 975.9 63.0
8.6 975.9 63.9
8.4 975.9 66.0
8.4 975.9 67.2
8.3 975.8 67.9
8.0 975.8 68.0
8.0 975.7 67.0
8.0 975.8 67.2
7.8 975.8 67.7
8.0 975.8 68.0
8.0 975.8 67.3
7.9 975.8 68.0
7.5 975.8 69.5
7.6 975.7 69.2
7.7 975.7 69.8
7.7 975.7 68.8
7.5 975.6 69.5
7.7 975.6 68.9
7.9 975.7 67.8
7.8 975.7 68.3
7.8 975.6 68.9
7.9 975.5 68.3
7.7 975.5 67.6
7.5 975.5 68.6
7.8 975.6 67.4
7.7 975.5 67.8
7.7 975.5 68.8
7.6 975.6 69.3
7.4 975.6 69.6
7.4 975.6 69.5
7.3 975.6 70.4
7.4 975.6 69.9
7.3 975.6 69.5
7.3 975.5 71.6
7.5 975.4 70.9
7.5 975.4 71.0
7.7 975.5 70.5
7.6 975.4 70.5
7.8 975.4 70.7
7.5 975.4 70.7
7.2 975.5 73.1
7.4 975.5 71.8
6.5 975.5 73.8
6.9 975.5 73.8
6.7 975.4 73.0
6.7 975.5 73.5
6.9 975.5 73.2
6.7 975.5 74.0
6.8 975.5 73.9
6.9 975.5 73.4
7.0 975.5 72.6
7.0 975.5 72.2
6.7 975.5 73.4
6.5 975.5 73.8
6.9 975.6 72.9
7.0 975.6 71.9
7.0 975.6 73.1
7.2 975.7 73.2
7.4 975.8 71.7
7.4 975.8 70.9
7.6 975.7 71.9
7.7 975.8 70.9
7.8 975.9 69.4
7.6 975.9 70.4
7.7 976.0 71.7
7.8 976.0 69.6
7.7 976.0 71.9
7.4 976.0 72.1
7.4 975.9 73.6
8.1 975.9 71.6
8.2 975.8 71.3
8.2 975.8 70.9
8.2 975.7 70.6
8.7 975.7 70.4
9.1 975.7 69.5
9.1 975.8 68.4
8.8 975.9 68.3
8.6 976.0 68.7
9.0 975.8 68.4
8.9 975.5 67.8
9.6 975.4 64.9
10.3 975.3 62.3
10.6 975.1 56.6
11.0 974.9 55.2
11.0 975.0 53.6
11.5 974.7 52.0
11.0 975.4 57.2
10.2 975.5 59.2
10.2 975.7 60.3
10.8 975.5 57.5
11.0 975.1 56.1
11.1 975.2 57.8
10.9 975.2 58.5
10.4 975.4 58.1
10.5 975.4 59.3
11.5 975.2 57.3
12.0 975.2 57.1
11.5 975.3 56.6
11.9 975.2 56.7
11.5 975.2 55.9
11.5 975.1 56.6
12.3 975.0 54.5
12.8 974.9 53.3
12.9 974.9 52.8
13.5 974.8 50.0
13.6 974.7 49.6
13.5 974.8 49.1
13.8 974.7 51.2
14.9 974.6 49.8
14.9 974.7 45.0
14.0 974.6 47.2
14.4 974.5 44.5
14.7 974.4 43.2
15.3 974.3 40.0
16.2 974.3 37.5
15.8 974.3 37.1
15.8 974.4 39.3
16.5 974.4 38.7
17.0 974.2 37.8
16.5 974.2 36.2
16.5 974.2 34.2
16.5 974.3 38.3
17.0 974.4 36.4
17.7 974.0 32.3
18.5 974.0 29.9
17.9 974.3 32.7
17.2 974.2 30.8
18.3 973.9 30.3
18.3 973.6 26.7
16.3 974.4 34.3
16.8 973.7 31.4
17.2 973.5 29.4
18.3 973.4 28.9
18.7 974.1 34.8
17.6 974.0 33.9
17.8 974.1 33.3
18.3 973.3 26.0
19.3 972.9 24.8
18.7 973.7 30.2
12.6 978.5 82.7
12.2 978.2 79.0
12.1 978.5 83.5
12.2 978.6 83.8
12.3 978.6 86.2
11.9 978.6 84.5
11.6 978.5 86.5
13.2 978.0 84.1
13.6 977.3 69.5
13.4 978.1 79.7
14.2 977.9 76.4
13.6 977.8 75.5
14.6 977.2 65.3
13.9 977.8 68.1
15.0 977.7 67.2
13.8 977.8 65.7
13.3 977.9 73.8
13.5 977.8 72.2
13.5 977.8 73.0
12.9 977.9 73.9
13.3 977.9 75.9
13.8 977.8 72.7
13.4 977.2 66.5
15.2 976.7 59.2
16.9 976.3 53.7
16.9 976.7 50.8
16.3 976.9 53.6
17.1 976.8 47.4
17.6 976.8 49.2
17.7 976.7 47.2
17.3 976.8 44.3
17.3 977.0 50.0
16.3 977.4 56.4
15.6 976.6 43.4
16.6 976.9 46.4
16.6 977.0 43.9
16.9 977.1 48.0
16.6 976.8 42.9
16.4 977.2 48.6
16.2 977.0 47.1
17.3 976.3 40.0
17.9 976.5 39.0
18.0 976.4 38.3
18.1 976.3 36.9
18.2 976.2 37.3
17.6 976.8 44.5
18.0 976.1 36.2
17.1 976.9 47.9
16.7 976.9 48.9
16.2 976.9 48.1
15.9 977.0 48.9
16.1 976.9 47.7
16.0 976.9 50.4
16.1 976.9 49.8
15.9 976.9 50.6
16.1 976.3 42.5
16.7 976.7 47.5
16.8 976.4 41.6
16.9 976.7 46.6
16.0 976.6 45.6
16.6 976.6 46.4
16.5 976.7 47.9
16.4 976.7 47.8
16.2 976.6 47.8
16.3 976.6 46.5
16.3 976.5 47.5
15.9 976.6 50.3
16.0 976.8 51.1
15.9 976.9 51.6
15.2 977.0 54.8
14.5 977.3 58.6
14.6 977.3 61.5
14.6 977.3 59.1
15.2 977.0 54.8
15.3 977.0 54.9
15.6 976.8 53.8
15.6 976.9 52.1
15.5 977.2 55.8
15.4 977.4 56.1
15.0 977.4 56.4
15.1 977.4 56.0
15.2 977.4 54.9
15.3 977.6 55.0
15.3 977.7 55.7
14.8 977.9 58.6
15.0 977.7 56.4
15.4 977.7 54.8
15.2 977.7 53.1
14.6 977.7 55.4
15.0 977.8 56.2
14.9 977.9 56.1
14.9 978.0 56.1
14.6 978.1 56.3
14.6 978.2 57.5
14.0 978.2 58.7
13.8 978.3 63.8
13.7 978.3 66.9
13.6 978.5 66.1
13.3 978.7 69.9
12.5 978.9 66.9
12.3 979.0 67.5
12.1 979.0 68.8
12.0 979.1 69.4
11.7 979.1 69.7
11.5 979.2 69.7
11.4 979.2 70.6
11.2 979.3 71.1
11.2 979.2 70.6
11.3 979.3 70.4
11.3 979.4 70.2
11.3 979.4 70.5
11.2 979.4 70.8
11.1 979.4 71.0
11.3 979.3 70.5
11.3 979.4 70.0
11.6 979.4 69.2
11.5 979.5 69.4
11.6 979.6 70.4
11.6 979.6 69.2
11.5 979.7 69.6
11.6 979.7 70.1
11.7 979.8 68.8
8.1 981.1 86.5
7.8 981.0 88.7
7.7 981.1 90.3
7.9 981.1 89.2
7.8 981.1 90.2
7.5 981.1 91.0
8.0 981.1 88.6
8.0 981.1 87.8
7.8 981.0 88.9
8.2 981.1 87.5
8.3 981.2 87.2
8.2 981.2 86.5
8.2 981.2 86.8
8.6 981.2 86.0
8.2 981.2 86.7
8.2 981.2 88.1
8.0 981.2 88.9
8.2 981.2 89.0
8.3 981.3 88.3
8.3 981.3 90.1
8.4 981.4 89.5
8.7 981.4 88.6
8.8 981.3 88.1
8.9 981.4 87.5
9.1 981.5 85.5
9.3 981.6 85.0
9.3 981.6 83.2
9.1 981.5 83.8
9.3 981.5 83.7
9.3 981.5 82.4
9.3 981.5 82.7
10.1 981.4 79.9
10.6 981.3 78.6
10.5 981.2 76.4
10.7 981.3 76.0
11.1 981.2 74.3
10.8 981.2 74.1
11.3 981.2 72.7
11.3 981.2 72.8
11.3 981.1 71.7
11.5 981.1 70.2
11.3 981.1 70.7
11.7 981.2 69.8
11.9 981.1 68.4
11.6 981.1 68.2
12.3 981.1 67.7
12.4 981.1 66.4
12.8 981.1 66.5
13.1 981.0 65.4
13.1 981.0 65.1
13.4 980.9 64.2
13.6 980.8 64.9
13.5 980.9 62.6
13.3 981.0 62.8
14.2 980.8 61.9
13.8 980.7 61.9
14.3 980.8 63.2
13.9 980.8 60.6
14.3 980.7 59.9
13.8 980.6 58.8
13.8 980.6 59.8
14.5 980.5 58.0
14.3 980.5 56.8
15.1 980.5 54.6
15.1 980.5 55.0
15.5 980.4 53.0
15.9 980.5 52.9
16.6 980.3 50.4
16.7 980.3 50.5
15.5 980.3 51.5
16.1 980.2 50.8
16.9 980.3 51.9
16.7 980.3 49.5
17.2 980.2 48.2
17.2 980.1 49.2
17.2 980.1 45.7
15.8 979.9 43.4
16.7 979.9 44.3
18.4 979.8 42.8
18.4 979.5 38.8
18.5 979.5 38.7
17.9 979.7 43.3
18.0 979.7 44.6
17.5 980.0 50.1
18.5 979.4 41.9
17.0 979.8 45.6
17.9 979.7 45.0
16.6 980.1 50.7
18.3 980.1 50.8
19.6 979.1 41.8
17.8 979.3 43.8
19.0 979.5 44.7
19.0 979.2 41.2
19.2 978.8 39.7
19.2 979.1 43.2
17.9 979.7 50.0
18.1 979.0 45.3
18.9 979.0 41.3
19.7 978.8 38.7
19.7 978.8 36.9
19.8 978.8 39.8
20.1 978.9 36.7
20.4 978.9 35.9
20.0 978.9 38.1
20.2 979.0 36.6
19.1 979.8 46.0
18.1 979.9 46.3
18.1 979.9 50.7
17.8 979.7 48.6
18.3 979.5 47.1
18.3 979.0 41.9
19.4 978.8 39.1
19.3 979.4 45.6
18.6 978.9 41.1
18.7 979.1 40.8
18.5 979.5 48.9
18.0 979.4 47.9
18.0 979.3 48.5
18.4 978.9 41.6
18.2 979.2 47.9
18.0 979.3 50.2
18.1 979.2 48.9
18.5 978.7 43.9
18.5 978.6 42.8
18.6 978.6 41.1
18.7 979.0 48.4
18.1 978.7 43.3
18.5 978.4 40.1
19.1 978.5 42.7
18.8 978.5 41.1
18.3 978.4 40.8
18.9 978.4 39.6
18.8 978.4 40.4
18.4 978.5 44.1
18.4 978.6 44.3
17.9 978.7 45.3
17.6 978.8 46.2
17.4 978.7 45.4
17.5 978.8 46.8
17.4 978.7 46.8
17.5 978.7 47.4
17.6 978.7 48.1
17.4 978.8 50.3
17.2 978.8 51.0
17.4 978.8 51.7
17.0 979.0 53.3
16.5 978.9 53.3
16.8 979.0 55.9
16.7 979.0 55.3
16.6 979.1 56.5
16.5 979.1 56.0
16.4 979.1 58.9
16.4 979.0 59.0
16.7 979.0 58.1
16.3 979.0 58.1
16.4 979.0 58.7
16.3 979.0 59.6
16.2 979.1 60.6
15.9 979.2 60.9
15.8 979.3 61.9
15.7 979.3 61.8
15.6 979.4 62.9
15.4 979.5 62.1
15.5 979.5 63.6
15.3 979.6 62.6
15.3 979.6 62.9
15.2 979.5 63.5
15.2 979.6 63.4
15.1 979.6 62.9
15.0 979.7 63.2
15.0 979.7 63.5
15.0 979.8 63.6
14.8 979.9 63.6
14.8 979.8 64.4
14.8 979.9 64.3
14.8 980.0 65.4
14.7 980.1 65.5
14.9 980.2 64.9
14.8 980.2 65.0
14.5 980.3 65.2
14.4 980.5 68.6
13.3 982.0 63.1
13.2 981.9 63.0
13.2 981.8 63.2
13.1 981.8 63.6
13.6 981.7 61.7
13.5 981.7 60.9
13.6 981.7 60.1
13.6 981.6 59.3
13.7 981.5 59.3
13.8 981.3 56.1
14.1 981.2 54.6
14.1 981.2 53.6
14.0 981.3 55.1
13.7 981.3 55.7
13.7 981.3 55.2
13.1 981.3 56.9
13.1 981.3 57.4
13.2 981.2 56.4
12.9 981.2 56.9
13.0 981.2 57.2
12.9 981.2 57.7
13.0 981.2 56.9
12.8 981.2 56.6
12.7 981.3 57.4
12.5 981.2 58.2
12.2 981.2 59.7
11.9 981.3 59.7
11.9 981.2 60.1
11.9 981.2 60.0
12.5 981.3 58.5
12.3 981.3 59.3
12.2 981.3 59.4
11.8 981.3 59.1
11.7 981.2 60.4
11.9 981.1 60.8
11.8 981.1 60.9
11.8 981.1 59.1
11.6 981.1 60.7
11.5 981.1 61.8
11.6 981.0 61.2
11.5 981.1 60.7
11.1 981.1 62.4
11.1 981.0 63.0
11.4 980.9 61.9
11.1 980.9 62.1
11.4 980.8 60.9
11.6 980.8 60.1
11.4 980.8 61.7
11.5 980.8 59.8
11.2 980.9 61.2
11.0 980.9 63.5
10.8 980.8 63.7
10.8 980.8 64.2
10.7 980.8 64.8
11.0 980.8 63.5
10.9 980.7 63.8
11.3 980.6 61.4
10.9 980.6 63.4
10.6 980.6 64.1
10.6 980.7 64.6
10.6 980.6 64.8
10.2 980.5 66.0
10.1 980.5 66.2
10.9 980.3 62.3
10.9 980.4 62.4
10.6 980.5 63.7
10.0 980.5 65.6
10.1 980.5 66.1
10.6 980.5 65.4
10.6 980.5 64.7
10.6 980.5 65.1
10.7 980.5 65.3
10.2 980.6 65.8
10.4 980.6 66.0
10.7 980.6 65.5
10.4 980.7 67.2
10.1 980.7 68.7
10.3 980.7 68.0
10.9 980.7 66.6
10.9 980.7 66.4
10.5 980.8 68.3
10.7 980.8 69.2
10.9 980.8 67.7
10.9 980.8 69.1
11.0 980.8 65.2
11.2 980.7 67.6
11.3 980.6 66.9
12.1 980.6 64.2
12.1 980.6 65.3
12.3 980.5 63.5
12.7 980.6 61.9
12.5 980.6 59.8
12.2 980.5 60.6
12.7 980.4 59.8
13.2 980.3 59.0
13.3 980.2 58.1
13.3 980.2 57.3
13.7 980.0 57.2
13.1 980.3 55.6
13.9 980.0 55.2
13.0 980.2 57.5
13.7 979.9 58.0
13.9 979.8 58.8
14.3 979.8 58.4
14.3 979.8 57.4
15.2 979.8 59.0
14.9 979.8 56.6
14.8 979.8 55.7
15.0 979.7 54.2
15.3 979.7 57.3
15.4 979.6 55.0
15.9 979.5 56.1
15.8 979.7 56.9
15.8 979.7 54.5
15.6 979.5 53.6
16.1 979.6 52.4
16.5 979.5 52.7
17.1 979.5 52.2
17.6 979.5 51.0
17.9 979.5 50.3
17.7 979.5 49.3
18.4 979.5 49.8
18.5 979.6 50.3
18.7 979.5 50.1
18.9 979.5 47.3
19.3 979.4 47.4
18.9 979.3 44.4
19.3 979.2 45.0
19.5 979.3 43.1
19.8 979.2 42.1
19.8 979.1 39.7
20.2 979.1 38.6
20.1 979.1 38.7
20.1 979.1 36.5
20.6 979.1 35.5
20.7 979.1 34.2
20.2 979.0 34.6
20.9 979.0 35.2
20.7 979.0 33.2
21.3 979.0 33.0
21.7 978.9 33.0
21.4 979.0 34.1
22.0 978.9 35.9
22.0 978.7 36.3
21.6 978.8 34.8
22.2 978.6 34.0
22.1 978.5 33.1
21.8 978.6 33.1
22.5 978.5 33.3
22.6 978.5 33.2
23.0 978.4 33.4
22.7 978.3 33.5
23.3 978.2 31.5
23.5 978.3 32.3
23.4 978.3 31.5
23.7 978.2 31.6
23.8 978.2 27.8
24.3 978.2 27.7
24.1 978.1 21.6
24.5 978.1 25.2
24.3 978.1 23.8
24.4 978.0 25.7
24.8 977.9 27.3
23.9 978.1 26.2
23.7 978.1 26.5
24.6 978.1 28.6
24.1 978.0 26.4
23.8 978.0 27.2
24.3 978.0 28.9
24.2 978.0 28.4
25.1 978.0 31.0
24.4 978.1 29.6
24.0 978.1 32.1
24.0 978.1 33.7
23.6 978.0 31.4
24.6 977.8 31.6
24.3 977.9 30.3
24.1 977.8 31.2
24.0 977.7 31.7
24.1 977.7 32.1
24.4 977.8 33.5
24.2 977.8 34.7
23.8 977.9 34.1
23.9 977.7 32.0
23.8 977.6 30.6
24.3 977.7 32.3
24.0 977.7 31.3
24.0 977.6 31.4
23.5 977.7 31.3
23.7 977.8 32.0
23.4 977.7 33.0
23.1 977.5 32.5
23.5 977.6 35.5
23.3 977.6 36.6
23.7 977.7 38.2
22.9 977.9 39.3
23.0 978.0 40.5
22.8 978.0 40.9
22.8 978.1 41.4
23.0 977.9 42.1
23.0 977.9 43.3
22.7 977.8 45.6
22.3 977.8 45.0
22.8 977.8 46.1
21.9 977.8 45.2
22.1 977.9 44.9
21.9 977.9 45.2
21.8 978.0 45.7
21.8 978.0 45.8
21.9 977.9 44.4
21.6 978.0 45.1
21.6 978.2 44.5
21.3 978.2 45.4
21.2 978.1 43.3
21.0 978.1 45.1
20.9 978.2 47.0
20.7 978.1 45.1
20.5 978.0 45.4
20.6 978.0 45.2
20.3 978.0 46.0
20.2 978.1 46.3
20.0 978.0 46.0
19.9 978.0 45.4
19.7 978.0 46.1
19.5 977.9 47.1
19.3 977.9 47.4
19.1 978.0 50.4
19.0 978.1 49.4
18.9 978.2 50.8
18.7 978.3 50.1
18.5 978.4 51.8
18.4 978.5 52.5
18.3 978.6 51.2
18.4 978.7 51.2
17.8 978.7 54.6
17.7 978.7 56.1
17.7 978.9 55.5
17.5 978.9 56.1
17.9 979.0 53.7
18.0 979.1 52.4
17.8 979.2 52.0
17.7 979.3 52.4
17.7 979.3 53.4
17.6 979.4 54.3
17.5 979.5 55.1
17.3 979.5 53.6
17.4 979.6 54.9
17.2 979.5 55.5
16.9 979.6 56.5
16.9 979.6 56.8
16.8 979.7 57.5
16.7 979.7 58.9
16.7 979.8 59.5
16.5 979.7 59.8
16.3 979.6 60.1
16.5 979.7 61.0
16.4 979.7 60.8
16.3 979.7 61.2
16.6 979.8 60.1
16.3 979.7 61.6
16.4 979.7 60.6
16.6 979.7 60.6
16.7 979.7 59.0
16.5 979.8 60.2
16.5 979.8 60.1
16.6 979.9 60.4
16.3 979.9 61.2
15.9 979.8 62.9
15.6 979.8 64.2
15.9 979.8 63.7
16.0 979.8 63.2
15.5 979.8 64.4
15.3 979.8 65.4
15.3 979.8 65.4
15.5 979.8 64.2
15.7 979.8 62.5
15.6 979.7 63.3
15.7 979.7 64.1
15.3 979.7 63.9
15.0 979.7 65.3
14.9 979.6 65.9
14.9 979.7 65.9
14.9 979.6 65.7
14.7 979.7 66.6
14.5 979.7 66.8
14.1 979.8 67.8
13.8 979.8 69.8
13.7 979.7 69.9
14.1 979.6 69.2
14.1 979.3 69.5
14.6 979.3 66.7
14.9 979.3 65.4
14.9 979.4 65.0
15.0 979.4 64.3
14.4 979.5 66.0
14.0 979.5 68.4
14.3 979.4 68.0
13.9 979.3 68.5
14.2 979.4 67.7
13.8 979.3 69.4
14.1 979.4 68.6
14.1 979.3 68.6
13.7 979.1 69.9
13.9 979.0 69.0
14.0 979.0 69.1
14.0 978.9 68.6
14.4 978.8 67.2
14.5 978.9 66.3
14.6 978.9 68.2
14.5 978.9 67.0
14.4 978.8 68.7
14.4 978.7 68.1
14.2 978.7 68.1
14.2 978.7 68.3
14.4 978.8 67.6
14.6 978.7 65.9
14.5 978.7 66.4
14.1 978.5 67.9
13.9 978.3 66.8
14.3 978.2 66.0
14.2 978.2 64.8
13.4 978.2 68.4
13.8 978.1 66.6
13.9 978.1 65.7
13.9 978.1 65.4
13.9 978.2 66.5
14.1 978.2 64.2
14.1 978.1 64.7
13.5 978.2 67.3
13.1 978.1 68.9
13.3 978.0 68.6
13.1 978.0 68.4
13.2 978.0 69.1
13.2 978.0 69.2
13.3 978.0 69.1
13.5 978.1 68.3
13.6 978.1 67.5
13.7 978.0 66.7
13.9 978.2 66.4
13.9 978.1 67.3
13.4 978.1 68.9
13.3 978.1 69.4
13.2 978.1 68.9
13.0 977.8 70.5
13.2 977.6 69.7
13.3 977.5 68.3
13.3 977.5 68.6
13.6 977.5 66.4
13.5 977.6 66.4
13.9 977.8 64.5
13.6 977.8 65.8
13.1 977.8 68.9
12.8 977.6 70.8
12.4 977.6 73.0
12.7 977.4 71.9
13.2 977.3 69.7
13.2 977.3 69.9
13.3 977.3 69.8
13.6 977.3 67.6
13.3 977.2 68.2
12.7 977.2 71.1
13.4 977.2 69.4
13.4 977.2 69.6
13.6 977.2 68.4
13.5 977.2 68.3
13.4 977.1 70.1
13.7 977.0 69.7
14.1 976.9 66.2
14.3 976.8 65.6
14.8 976.9 63.6
14.7 976.8 64.4
14.6 976.9 65.3
14.5 977.1 66.0
14.5 977.4 66.9
14.0 977.5 67.6
13.9 977.5 68.5
12.9 977.6 71.7
13.1 977.5 72.1
13.2 977.6 71.7
13.8 977.5 71.2
13.9 977.5 70.3
14.8 977.7 67.5
14.2 977.9 66.5
14.8 977.6 64.1
15.6 977.4 59.5
15.6 977.6 62.5
15.9 977.7 63.3
15.7 977.7 62.6
16.3 977.4 59.8
15.6 977.4 61.4
15.5 977.5 62.7
16.2 977.5 63.0
16.0 977.6 63.1
16.6 977.1 58.3
16.7 977.0 55.1
16.7 976.8 54.4
16.6 977.2 58.4
16.2 977.2 56.6
16.5 976.9 55.4
16.7 977.2 56.6
17.2 977.2 54.4
16.9 977.2 58.7
17.3 977.1 56.8
17.5 977.1 57.7
17.5 977.1 58.7
17.8 977.0 57.7
18.0 977.0 57.9
18.4 976.9 56.4
19.7 976.6 42.3
19.9 976.9 40.1
19.6 977.1 44.4
19.3 977.2 41.0
19.0 977.3 43.0
20.0 976.7 39.4
19.5 976.7 39.9
19.3 976.6 41.7
19.0 976.7 44.2
18.8 976.9 44.7
10.0 981.5 87.3
10.3 981.6 81.5
10.6 981.7 82.0
10.4 981.6 83.2
10.4 981.6 84.1
9.8 981.5 86.5
10.4 981.6 84.3
10.2 981.4 85.2
10.0 981.3 86.0
10.3 981.4 82.8
10.5 981.4 81.8
10.4 981.6 82.0
10.5 981.7 78.3
10.4 981.7 81.1
10.4 981.8 81.0
10.3 981.7 79.4
10.8 981.8 75.6
10.3 981.8 82.7
9.8 981.8 82.5
10.4 981.9 76.4
10.7 982.1 74.9
10.7 982.0 74.5
10.4 981.7 77.4
10.7 981.9 71.2
10.9 982.0 69.0
11.1 982.1 68.1
11.0 982.0 72.5
10.8 982.0 75.7
10.8 982.1 71.8
11.4 982.1 64.7
11.6 982.1 61.8
11.8 982.2 61.0
11.7 982.1 60.3
11.7 982.2 61.6
11.7 982.1 63.5
11.8 982.1 60.7
11.8 982.3 61.3
11.8 982.5 60.2
11.8 982.7 60.6
11.7 982.5 60.6
11.6 982.3 59.8
11.7 982.5 60.9
11.8 982.5 60.4
11.7 982.5 62.5
11.7 982.6 63.0
11.8 982.6 62.8
11.8 982.5 62.9
11.9 982.4 62.7
11.8 982.4 64.6
11.7 982.7 63.9
11.8 982.7 65.8
11.9 982.9 65.7
11.8 982.9 65.1
11.7 982.8 68.6
11.7 982.8 68.2
11.8 982.8 67.3
11.8 982.9 65.9
12.0 982.8 66.0
11.9 982.9 64.3
11.8 982.9 65.0
11.8 983.0 66.4
12.1 983.1 66.4
12.0 983.0 65.4
12.0 983.0 67.5
12.2 983.1 68.4
12.1 983.1 68.6
12.0 983.2 70.0
12.2 983.2 69.9
12.2 983.2 71.6
12.4 983.0 71.2
12.4 982.9 73.0
12.3 983.0 69.9
12.4 983.1 68.5
12.4 983.0 66.7
12.3 983.0 66.0
12.3 982.8 65.5
12.5 982.8 65.8
12.6 982.7 66.1
12.8 982.8 65.4
13.0 982.8 65.0
13.0 982.8 65.8
12.9 982.9 67.5
13.1 982.8 68.2
13.1 982.8 68.2
13.4 982.8 67.8
13.2 982.8 68.6
13.3 982.9 69.1
13.2 983.0 68.3
13.3 983.1 70.0
13.1 983.1 71.0
13.3 983.1 72.4
13.2 982.8 73.3
13.4 982.8 74.5
13.4 982.8 74.1
13.5 983.0 73.3
13.2 983.3 73.7
13.3 983.2 73.5
13.3 983.1 74.3
13.3 983.2 73.6
13.3 983.1 73.8
13.5 983.1 73.5
13.4 983.1 73.2
13.3 983.3 74.5
13.1 983.4 73.5
13.1 983.5 74.2
13.1 983.5 74.2
13.2 983.3 74.4
13.3 983.3 75.8
13.2 983.4 75.6
13.2 983.4 75.2
13.1 983.3 75.4
13.1 983.3 75.2
13.1 983.3 75.4
13.0 983.5 76.4
13.0 983.4 76.3
13.0 983.4 77.3
12.9 983.4 77.1
13.0 983.5 77.4
13.0 983.4 77.5
12.9 983.4 78.4
13.1 983.3 77.9
13.2 983.2 77.7
13.2 983.2 78.6
13.3 983.2 78.4
13.0 983.2 77.9
13.0 983.3 78.5
13.1 983.3 78.8
13.1 983.2 77.8
13.0 983.2 79.2
13.2 983.2 79.7
13.0 983.1 79.9
13.0 983.1 80.2
13.0 983.1 80.8
13.0 983.2 81.7
13.1 983.1 82.7
13.1 983.0 83.3
13.0 983.0 84.2
13.0 982.9 85.4
12.9 983.1 84.6
12.9 983.1 83.7
12.8 983.3 85.1
12.9 983.5 85.1
12.9 983.3 84.0
12.9 983.2 83.6
12.9 983.1 83.4
13.0 983.2 84.1
13.0 983.2 84.2
13.0 983.1 83.8
13.0 983.1 83.4
12.9 983.0 83.5
12.9 983.0 83.8
12.9 983.1 84.1
12.9 983.1 84.6
12.9 983.1 84.5
12.9 983.2 84.7
12.9 983.2 84.2
12.7 983.2 84.8
12.8 983.2 85.0
12.7 983.2 84.5
12.8 983.2 84.5
13.0 983.2 83.8
12.8 983.2 83.7
12.9 983.4 83.8
12.9 983.3 84.5
13.0 983.2 83.8
12.9 983.2 83.6
13.0 983.2 83.8
13.0 983.2 82.5
13.1 983.3 82.2
13.0 983.3 81.8
13.0 983.3 81.3
13.1 983.3 80.0
13.1 983.4 79.9
13.0 983.5 80.6
13.1 983.5 80.0
13.1 983.5 80.3
13.1 983.6 80.2
13.1 983.7 79.5
13.1 983.7 80.2
13.1 983.7 79.5
13.2 983.7 79.5
13.1 983.8 80.2
13.1 983.8 79.9
13.2 983.9 80.1
13.1 983.9 80.3
13.2 983.9 80.2
13.1 984.0 80.7
13.0 983.9 81.1
13.0 983.9 81.6
13.2 983.9 80.6
13.1 983.9 81.2
13.1 984.0 80.8
13.0 984.1 82.3
13.0 984.0 82.6
12.9 984.0 82.8
12.9 984.0 82.9
12.9 984.1 84.0
12.8 984.1 83.8
12.6 984.1 85.3
12.8 984.2 83.4
10.7 982.2 97.0
10.7 982.3 96.2
10.8 982.1 95.4
10.7 981.9 96.0
10.7 981.9 93.1
10.9 981.8 92.0
11.1 981.7 93.1
11.0 981.5 93.9
11.0 981.5 90.1
11.1 981.5 91.4
11.2 981.5 89.5
11.2 981.5 86.2
11.1 981.6 87.6
11.3 981.6 88.7
11.0 981.7 89.7
11.1 981.6 88.4
11.1 981.6 86.7
11.1 981.5 87.0
11.2 981.5 86.3
11.1 981.6 87.3
11.0 981.5 88.2
11.1 981.2 89.1
11.2 981.2 87.5
11.2 981.1 87.2
11.3 981.0 85.6
11.5 981.1 83.9
11.4 981.0 84.8
11.5 981.1 84.0
11.5 981.1 84.3
11.5 981.1 85.1
11.5 981.1 84.6
11.5 981.1 84.9
11.8 981.2 84.0
11.6 981.2 84.2
11.7 981.2 84.6
11.9 981.2 84.4
11.7 981.2 84.6
11.9 981.3 81.2
12.1 981.3 81.6
12.2 981.2 78.8
11.9 981.2 83.2
12.0 981.2 81.2
12.1 981.2 81.0
12.6 981.2 77.8
12.6 981.2 83.4
12.8 981.2 82.6
13.3 980.6 76.2
13.9 980.5 72.3
13.8 980.8 69.4
13.9 980.9 67.3
13.6 981.1 72.6
13.1 981.4 69.4
13.3 981.2 69.4
13.3 981.3 70.0
13.3 981.3 70.3
13.6 981.0 70.5
13.5 981.1 70.2
13.7 980.9 72.3
13.8 980.9 67.6
14.0 980.8 69.4
14.1 981.0 70.1
13.8 980.9 68.9
13.6 981.0 70.8
13.6 981.1 70.1
13.8 981.0 70.0
13.7 981.1 72.3
13.5 981.1 68.6
13.5 981.2 70.0
13.6 981.4 70.4
13.5 981.4 67.8
13.1 981.5 68.1
13.2 981.5 72.0
13.1 981.5 72.8
13.0 981.6 70.6
13.1 981.5 71.1
12.9 981.4 72.2
13.1 981.3 72.3
13.0 981.3 73.1
13.1 981.3 70.4
13.1 981.3 71.7
13.0 981.2 72.5
13.0 981.2 72.7
13.1 981.3 73.3
13.2 981.2 72.5
13.1 981.2 76.7
13.1 981.1 74.2
13.2 981.0 73.1
13.3 980.9 74.3
13.3 980.9 74.8
13.2 980.8 74.4
13.2 980.8 75.4
13.3 980.6 75.6
13.2 980.6 76.6
13.3 980.4 76.3
13.4 980.3 75.4
13.4 980.3 78.2
13.4 980.3 78.3
13.5 980.2 77.1
13.6 980.1 77.8
13.4 980.1 77.5
13.6 979.8 78.0
13.7 979.8 77.4
13.7 979.8 77.1
13.7 979.8 79.0
13.5 979.9 80.7
13.2 979.8 83.6
12.9 980.0 86.3
13.0 980.0 87.9
12.7 980.1 89.2
12.6 980.0 90.5
12.6 979.9 90.5
12.6 979.8 91.7
12.5 979.8 92.8
12.7 979.7 93.2
12.6 979.6 92.3
12.7 979.6 92.3
12.8 979.5 91.9
12.8 979.3 91.2
12.8 979.3 90.5
12.7 979.2 90.6
9.1 977.5 85.8
9.3 977.5 86.5
9.2 977.5 86.3
9.0 977.3 88.3
8.9 977.2 89.6
8.4 977.2 92.0
8.7 977.2 89.6
8.6 977.2 90.7
8.8 977.2 90.2
8.7 977.2 89.8
8.7 977.2 88.7
8.8 977.2 89.0
8.9 977.2 88.2
8.7 977.2 88.2
8.8 977.1 88.1
8.3 977.1 89.3
8.6 977.0 88.9
8.8 977.1 87.2
9.1 977.0 87.3
8.6 977.0 90.6
8.9 977.0 88.3
9.2 977.0 88.0
9.0 977.0 85.7
9.0 977.0 88.4
8.9 977.0 89.3
8.8 977.0 87.8
8.9 977.0 85.7
8.9 977.0 85.3
8.9 977.1 86.9
8.9 977.1 88.1
8.7 977.1 89.4
8.6 977.1 90.0
8.8 977.2 89.5
8.7 977.2 89.3
8.6 977.3 90.1
8.6 977.4 90.9
8.4 977.4 90.9
8.4 977.4 91.1
8.3 977.5 91.2
8.5 977.5 92.2
8.5 977.5 92.3
8.6 977.5 90.6
8.4 977.6 91.5
8.6 977.6 91.4
8.5 977.7 90.3
8.4 977.7 89.5
8.6 977.8 91.1
8.6 977.9 90.2
8.8 977.9 90.0
8.5 978.0 89.2
8.5 978.2 89.8
8.1 978.2 90.3
8.5 978.2 90.7
8.7 978.1 90.6
8.7 978.3 90.2
8.7 978.4 84.9
8.6 978.3 85.5
8.9 978.2 84.7
8.9 978.0 87.3
9.6 978.0 83.9
10.3 978.0 81.6
10.3 978.0 85.9
10.6 978.1 87.1
10.8 977.6 80.6
11.6 977.9 82.0
11.1 978.0 80.8
11.0 978.3 82.9
10.9 978.3 82.3
11.3 978.3 82.4
11.6 978.3 78.4
12.4 977.9 72.7
12.4 977.5 65.4
12.6 978.0 71.7
11.6 978.6 78.9
11.8 978.9 80.3
11.8 978.8 76.7
12.1 978.5 74.2
12.4 978.7 77.0
12.7 978.3 70.3
13.1 978.3 68.1
13.6 977.9 62.1
13.5 977.9 64.9
13.1 978.0 64.3
13.6 977.9 65.3
13.1 978.0 64.8
13.1 977.6 65.1
13.5 977.7 62.3
13.0 978.3 66.5
12.9 978.7 72.2
12.4 979.0 73.1
11.9 979.1 74.1
11.9 979.0 72.2
12.2 978.9 74.0
12.9 978.7 71.4
12.7 979.1 75.1
11.9 979.4 75.2
11.6 979.4 78.7
11.5 979.5 81.3
11.2 979.4 84.4
11.1 979.5 88.1
11.1 979.5 88.9
11.1 979.5 90.5
11.6 979.4 88.7
11.6 979.4 87.1
11.9 979.4 85.5
11.6 979.3 82.3
11.5 979.3 81.9
11.4 979.1 86.4
11.9 978.5 75.2
11.7 978.5 73.7
12.5 978.3 71.3
13.1 978.5 72.8
12.1 978.6 72.1
12.8 978.2 70.1
17.7 974.1 35.1
15.7 974.4 37.6
15.3 974.5 39.1
15.8 974.7 40.7
15.7 974.6 42.0
15.7 974.9 43.6
14.5 974.9 45.7
15.1 975.0 48.3
14.8 975.1 45.4
14.8 975.2 45.5
14.6 975.3 47.8
14.4 975.3 49.3
13.7 975.6 50.0
13.6 975.8 52.2
13.0 976.0 54.2
12.7 975.9 54.6
12.8 976.0 55.7
12.6 976.1 54.5
12.7 976.0 57.2
12.6 976.0 57.7
12.1 976.2 61.9
11.8 976.4 65.0
12.0 976.5 66.2
11.7 976.8 70.4
11.2 975.7 80.5
11.2 975.6 82.2
10.5 975.7 83.4
11.1 975.6 79.9
11.2 976.0 83.4
10.9 975.8 83.7
12.0 975.4 75.3
13.0 975.2 72.1
12.5 975.7 75.1
12.5 975.5 75.3
12.5 975.7 76.5
12.4 975.5 75.8
11.7 975.8 76.5
11.9 975.4 75.9
12.0 975.7 78.6
12.3 975.9 79.5
11.9 975.9 78.1
11.8 975.7 77.1
12.1 975.6 74.7
13.6 975.2 70.2
13.3 975.4 71.0
13.0 975.3 68.0
13.7 975.3 70.4
13.6 974.8 64.1
14.1 975.2 69.0
14.0 975.5 68.0
13.2 975.7 71.3
13.3 976.0 74.5
13.1 975.9 73.9
13.1 975.9 72.4
13.2 975.9 73.1
13.2 975.9 71.9
13.2 975.9 71.7
13.7 975.8 69.2
13.3 975.6 70.6
13.7 975.5 65.1
13.8 975.5 61.5
14.0 975.5 62.6
14.1 975.7 61.0
12.7 976.2 65.0
12.1 976.4 68.8
11.9 976.7 70.5
11.9 976.7 70.4
11.9 976.7 73.0
11.4 976.8 75.3
11.4 976.8 76.9
11.4 976.8 75.9
11.7 976.7 75.1
11.3 976.7 77.5
11.5 976.7 76.1
11.3 976.8 78.5
11.1 976.8 81.6
11.2 976.8 82.9
11.2 976.8 81.8
11.1 976.7 83.3
11.2 976.6 86.0
11.3 976.5 88.0
11.2 976.4 87.4
11.6 976.3 81.7
12.1 975.9 78.1
12.7 975.6 71.7
13.0 975.3 60.4
13.6 975.2 56.6
13.7 975.0 55.8
14.0 974.9 51.7
14.4 974.9 52.9
14.5 974.9 52.3
14.9 974.8 52.8
14.9 974.7 53.3
14.7 975.2 56.9
14.1 975.3 58.1
13.8 975.3 60.5
13.8 975.4 60.6
14.0 975.4 60.5
13.8 975.3 60.7
14.1 975.4 59.3
13.9 975.4 57.5
13.9 975.3 56.9
13.8 975.4 59.5
9.4 978.0 95.6
9.6 978.0 94.2
9.5 978.1 93.7
9.1 978.1 97.5
9.4 978.2 97.3
9.1 978.2 95.9
9.1 978.2 97.0
9.2 978.1 96.3
9.2 978.1 95.4
9.2 978.1 95.5
9.0 978.1 94.5
9.0 978.2 94.5
9.1 978.3 93.9
8.9 978.3 94.0
8.7 978.3 94.9
8.7 978.3 94.9
8.6 978.3 93.6
8.7 978.3 93.9
8.8 978.2 94.4
8.7 978.2 94.0
8.9 978.2 93.8
8.6 978.4 95.1
8.5 978.5 96.2
8.6 978.4 96.7
8.6 978.4 97.2
8.4 978.3 96.8
8.5 978.3 97.3
8.6 978.3 97.0
8.6 978.3 96.9
8.3 978.3 97.4
8.2 978.3 97.3
8.0 978.3 97.6
8.1 978.4 96.8
8.2 978.4 97.6
8.2 978.4 97.1
8.0 978.5 98.6
8.2 978.5 98.2
8.5 978.6 97.7
8.3 978.6 97.8
8.4 978.6 99.0
8.6 978.6 98.7
8.6 978.6 99.4
8.4 978.5 97.4
8.8 978.6 97.9
8.3 978.6 98.4
8.5 978.6 98.4
8.5 978.6 97.8
8.6 978.6 97.3
8.6 978.5 97.2
8.6 978.6 95.9
8.5 978.6 96.9
8.4 978.6 96.7
8.3 978.6 96.3
8.2 978.6 97.1
8.1 978.6 96.8
8.0 978.6 96.9
8.0 978.6 96.6
7.7 978.5 96.7
7.8 978.4 96.7
7.6 978.4 96.9
7.6 978.4 96.8
7.6 978.4 95.6
7.6 978.4 96.3
7.4 978.4 96.7
7.5 978.3 96.8
7.4 978.4 96.8
7.5 978.4 96.8
7.6 978.4 96.2
7.4 978.4 97.2
7.2 978.4 97.4
7.2 978.3 98.3
7.2 978.3 97.7
7.2 978.3 97.7
7.3 978.3 97.9
7.2 978.3 98.2
7.2 978.3 98.3
7.2 978.3 98.0
7.4 978.3 97.3
7.2 978.3 97.1
7.1 978.3 97.8
7.1 978.3 98.2
7.2 978.3 97.8
7.2 978.3 97.7
7.2 978.3 97.2
7.1 978.2 97.0
7.1 978.2 97.0
6.7 978.2 98.3
6.9 978.1 97.6
7.1 978.1 97.7
7.0 978.1 96.8
7.1 978.1 96.8
7.2 978.2 96.3
7.0 978.2 96.6
6.7 978.2 98.2
6.6 978.2 98.5
6.7 978.2 97.9
6.5 978.2 98.0
6.3 978.2 99.5
6.3 978.2 99.8
6.5 978.1 99.1
6.7 978.1 98.5
6.7 978.1 97.8
6.7 978.1 97.6
6.6 978.2 97.3
6.3 978.1 97.5
6.2 978.1 99.0
6.5 978.2 98.4
6.0 978.2 99.5
6.2 978.2 99.0
6.3 978.2 98.5
6.4 978.2 98.7
6.2 978.3 98.4
6.5 978.3 98.1
6.4 978.3 97.6
6.5 978.3 97.4
6.5 978.4 97.1
6.2 978.4 98.3
6.4 978.4 97.2
6.2 978.5 96.6
6.4 978.5 96.9
6.3 978.5 97.3
6.5 978.5 96.7
6.3 978.6 97.7
6.4 978.6 97.0
6.4 978.6 97.2
6.6 978.7 97.2
6.3 978.7 97.9
6.3 978.8 98.9
6.6 978.7 98.5
6.9 978.8 98.6
7.0 978.8 97.7
6.9 978.7 97.5
7.0 978.7 97.3
7.0 978.7 96.7
7.1 978.7 98.4
7.3 978.7 97.5
7.4 978.6 96.7
7.5 978.7 96.8
8.0 978.7 94.9
7.5 978.5 95.4
8.2 978.5 95.5
7.8 978.4 92.4
8.6 978.4 91.8
8.1 978.6 93.0
7.8 978.5 93.9
8.5 978.4 91.6
8.3 978.7 93.7
8.6 978.7 92.9
9.1 978.5 88.8
8.8 978.5 90.8
9.2 978.4 88.1
9.4 978.4 88.9
10.2 978.3 85.1
9.4 978.4 86.2
9.7 978.4 85.2
10.4 978.2 84.1
9.9 978.3 83.1
10.0 978.3 83.6
10.7 978.3 82.6
10.9 978.2 81.5
11.0 978.2 79.9
11.5 978.1 79.1
11.9 978.1 79.2
11.7 978.1 81.4
11.9 978.0 78.9
14.4 980.5 68.6
14.2 980.6 70.4
14.3 980.7 72.3
14.1 980.8 73.8
14.0 980.8 75.1
14.2 980.9 75.6
14.0 981.0 76.2
13.9 981.1 77.6
14.0 981.2 76.8
14.1 981.3 75.7
13.9 981.4 75.8
13.8 981.5 77.0
13.9 981.5 76.5
13.8 981.7 78.5
13.7 981.9 79.9
13.4 982.0 82.2
13.2 982.0 90.0
18.7 976.6 44.7
19.8 975.3 34.3
21.4 975.3 31.2
21.2 975.5 31.6
21.2 975.3 31.4
20.9 975.5 35.6
21.4 975.3 31.6
21.9 975.3 30.4
21.9 975.4 30.9
22.2 975.1 32.1
21.9 974.7 30.1
22.0 974.7 30.0
22.4 974.7 28.7
22.0 974.8 30.1
23.2 974.5 28.5
23.3 974.3 26.8
23.2 974.5 29.3
23.4 973.9 24.1
23.5 973.7 23.1
23.5 974.1 27.0
23.4 974.2 29.1
22.6 974.3 31.7
22.6 974.2 30.5
23.0 973.8 28.5
23.2 973.7 26.6
22.8 973.9 29.6
22.3 973.3 24.3
22.8 973.4 28.5
23.0 973.4 26.1
23.0 973.6 27.7
22.5 973.5 27.0
22.4 974.0 32.0
21.5 974.0 31.9
21.6 973.7 31.6
21.5 973.8 31.5
21.8 973.7 32.4
22.2 973.5 32.0
22.5 973.5 32.2
22.5 973.5 35.7
22.1 973.1 31.5
22.4 973.0 33.2
23.1 972.8 32.6
23.0 972.8 33.7
22.9 972.6 34.3
22.9 972.5 33.2
22.4 972.5 34.5
22.5 972.6 37.2
22.6 972.3 33.8
23.2 972.3 36.4
23.2 972.0 33.9
22.9 972.0 36.0
22.6 972.2 39.6
23.0 971.9 36.3
23.0 972.0 38.0
23.0 972.0 36.5
23.1 972.0 38.3
22.8 972.1 39.1
22.6 972.3 38.9
22.5 972.2 39.6
23.0 972.2 40.7
22.5 972.3 41.0
22.6 972.3 42.8
22.2 972.6 44.8
22.2 972.5 44.4
22.1 972.3 43.3
22.2 972.5 46.0
22.0 971.8 40.9
22.3 971.9 41.5
22.1 971.9 40.9
22.0 972.0 43.6
21.6 972.0 44.4
21.3 972.1 45.9
21.4 971.9 44.7
21.4 972.0 44.7
21.8 971.7 43.4
21.7 971.8 44.8
21.7 971.8 45.4
21.4 971.6 46.0
21.0 971.9 46.5
20.5 972.1 49.6
20.2 972.4 54.0
19.3 972.4 55.3
19.7 972.4 55.7
19.4 972.5 56.1
19.2 972.5 55.5
19.0 972.5 55.4
18.8 972.4 54.6
18.9 972.4 54.4
18.8 972.6 53.9
18.8 972.6 53.0
18.7 972.6 51.8
18.5 972.7 51.9
18.5 972.8 51.4
18.2 972.7 50.5
18.1 972.6 49.7
18.2 972.8 49.6
18.2 972.8 50.3
18.0 972.8 51.4
18.1 972.8 52.3
18.0 972.9 51.6
17.8 972.8 50.1
17.8 972.8 49.7
17.7 972.8 49.4
17.7 972.8 49.4
17.5 972.8 48.8
17.5 972.9 48.7
17.5 972.9 49.5
17.5 972.8 49.7
17.4 972.9 50.9
17.2 972.7 55.9
17.0 972.9 56.3
17.0 972.9 56.9
17.0 972.9 55.6
17.0 973.0 57.2
16.9 973.0 58.7
16.9 973.1 58.6
17.0 973.1 57.1
17.0 972.9 57.5
17.1 972.9 57.4
17.0 972.8 57.6
16.8 972.9 61.5
16.8 973.1 59.3
16.9 972.9 61.4
16.4 972.8 63.6
16.6 972.7 63.5
16.6 972.8 63.2
16.6 972.8 63.1
16.4 972.8 65.1
16.3 972.8 65.3
16.3 972.8 66.3
16.3 972.7 67.0
16.2 972.6 66.9
16.3 972.7 66.2
15.9 972.5 66.0
16.2 972.4 65.8
15.9 972.3 65.6
15.8 972.4 65.7
15.8 972.3 65.8
15.5 972.2 66.4
15.7 972.2 65.7
16.1 972.5 64.9
15.7 972.4 64.8
15.8 972.3 64.2
15.5 972.3 62.3
15.7 972.1 62.9
15.5 972.0 64.8
15.8 972.0 62.5
16.0 972.0 64.2
15.8 971.9 63.4
15.9 971.6 65.5
15.8 971.5 66.6
16.0 971.6 64.4
16.1 971.6 63.9
15.7 971.3 65.6
15.5 971.3 63.9
15.6 971.3 65.2
15.5 971.3 66.5
15.1 971.3 68.4
15.1 971.2 69.6
15.5 971.1 68.5
15.7 971.0 67.9
15.8 971.0 68.4
16.1 971.1 66.4
15.6 971.0 68.1
15.8 971.0 67.4
15.7 970.9 67.5
15.6 970.9 68.1
15.6 970.8 68.5
15.9 970.7 67.8
15.8 970.7 68.3
15.7 970.7 66.8
15.5 970.6 67.2
15.3 970.4 69.4
15.1 970.5 69.3
15.3 970.5 69.0
15.3 970.5 66.7
15.3 970.3 67.9
15.4 970.3 68.2
15.4 970.3 68.2
15.4 970.2 68.8
15.3 970.2 68.0
15.2 970.1 69.5
15.3 970.2 69.4
15.3 970.2 70.1
15.3 970.2 68.9
15.4 970.1 68.5
15.1 970.1 70.6
15.0 969.9 70.7
14.9 969.8 71.4
15.0 969.7 71.6
15.0 969.8 68.8
15.2 969.9 69.8
15.1 969.9 69.2
14.7 969.8 69.9
14.7 969.8 70.6
14.9 969.8 69.2
14.6 969.9 69.9
14.1 969.9 72.1
14.5 969.8 70.8
14.3 969.7 71.0
14.2 969.6 71.9
14.3 969.4 71.4
14.5 969.4 69.9
14.7 969.3 68.9
15.2 969.2 63.4
15.1 969.2 61.8
14.8 969.1 64.3
14.7 969.0 64.3
15.0 969.0 63.7
14.9 968.9 63.8
15.1 968.9 62.7
15.2 968.9 62.5
14.9 969.0 64.0
14.6 968.9 66.4
14.8 968.9 66.5
14.5 968.9 67.7
14.5 968.9 67.1
14.5 968.9 67.6
14.6 968.9 67.7
14.8 968.8 66.8
14.7 968.8 68.8
14.9 968.8 67.4
14.8 968.9 67.1
14.9 968.9 68.5
14.7 968.9 69.7
14.8 968.8 69.5
14.6 968.9 70.3
14.4 969.0 72.8
14.4 969.0 72.6
14.4 969.0 72.7
14.4 969.0 73.9
14.2 969.0 75.1
14.3 969.0 73.2
14.2 969.0 74.1
14.4 969.0 73.5
14.4 969.0 73.6
14.2 969.1 75.1
14.1 969.1 78.2
13.9 969.2 77.3
14.0 969.2 78.5
14.1 969.2 78.1
14.1 969.2 78.8
14.2 969.1 79.3
14.6 969.1 77.1
14.1 969.1 77.1
14.0 969.1 76.5
14.6 969.1 76.1
14.5 969.0 76.5
14.0 969.0 76.1
13.5 969.0 79.8
14.0 968.9 77.6
14.1 968.8 77.5
14.5 968.9 78.4
14.5 968.9 76.4
14.7 968.9 77.9
15.0 968.9 76.1
14.8 968.8 76.7
15.2 968.7 75.5
15.7 968.4 73.9
15.0 968.3 74.2
15.3 968.3 74.3
14.8 968.4 73.5
15.9 968.4 72.4
16.0 968.5 73.6
15.7 968.5 71.6
16.1 968.3 68.2
16.5 968.1 68.4
16.0 968.3 70.2
16.4 968.4 69.2
16.3 968.6 70.6
16.5 968.6 69.9
16.3 968.6 69.5
16.7 968.6 67.0
16.7 968.7 67.7
16.5 968.8 69.0
16.7 968.9 70.2
17.4 968.4 67.1
17.2 968.3 64.7
16.6 968.7 72.5
16.9 968.6 69.4
17.0 968.7 71.5
16.8 968.6 71.8
16.8 968.7 72.3
16.6 969.0 75.7
16.6 969.1 75.6
16.5 969.0 74.3
16.7 969.1 75.5
16.6 969.1 77.2
16.4 969.2 77.9
16.9 969.1 76.6
17.3 968.6 74.0
18.3 968.0 60.9
19.1 967.7 54.1
19.5 966.8 44.8
19.3 966.9 52.7
19.8 967.1 55.7
19.9 967.1 53.9
19.4 967.4 57.4
20.0 967.5 57.6
19.8 967.8 56.2
19.2 968.0 58.5
19.0 968.1 59.7
19.2 968.1 58.5
18.9 967.9 58.9
19.2 967.4 54.5
20.2 967.0 49.1
19.9 967.0 49.9
19.5 967.0 50.2
20.6 967.0 51.0
21.4 966.9 47.7
21.1 966.7 46.1
21.0 966.5 45.3
21.5 966.9 48.5
21.3 967.1 52.1
21.8 966.9 51.3
21.0 967.3 53.1
21.1 967.1 53.0
21.0 967.5 55.1
19.8 967.8 61.7
20.2 967.8 61.8
20.3 967.7 62.2
20.4 967.6 59.8
19.7 968.1 63.8
18.9 968.2 67.0
18.5 968.4 68.5
16.6 972.0 119.8
16.7 971.9 118.1
17.0 971.7 116.8
17.1 971.7 115.8
17.1 971.8 116.0
17.1 971.8 115.5
17.1 971.9 116.0
17.0 971.9 116.2
16.9 971.9 116.1
16.8 972.0 115.6
16.6 972.0 116.5
16.5 972.0 115.9
16.6 972.0 115.5
16.5 972.0 115.7
16.3 972.0 114.9
16.3 972.0 116.2
16.1 972.1 115.1
16.2 972.1 112.7
16.1 972.2 113.5
16.0 972.2 114.6
16.0 972.2 114.6
16.0 972.2 116.8
15.8 972.3 116.3
15.8 972.3 114.9
15.8 972.4 116.0
15.8 972.5 115.0
15.7 972.5 116.1
15.8 972.5 115.2
15.7 972.5 114.3
15.7 972.6 116.4
15.7 972.6 117.5
15.6 972.6 115.4
15.6 972.7 116.2
15.5 972.7 117.1
15.5 972.8 115.8
15.5 972.9 115.4
15.4 972.9 115.1
15.5 973.0 114.6
15.5 973.1 115.3
15.5 973.1 115.9
15.4 973.2 118.3
15.5 973.2 114.5
15.4 973.2 117.8
15.4 973.3 116.5
15.1 973.4 118.9
15.1 973.4 120.8
15.1 973.4 121.5
15.0 973.4 120.4
14.9 973.4 119.8
15.1 973.4 119.3
14.9 973.4 120.3
14.9 973.5 121.9
15.1 973.5 120.4
15.0 973.5 119.2
15.2 973.5 117.9
15.0 973.6 119.7
15.0 973.6 119.0
15.1 973.6 119.2
14.9 973.7 120.5
12.0 984.7 75.3
12.0 984.7 77.5
11.6 984.7 81.5
11.6 984.7 84.3
11.4 984.7 84.5
11.3 984.7 86.2
11.0 984.7 87.1
11.0 984.8 89.1
11.0 984.8 88.2
11.0 984.8 89.1
11.1 984.9 88.8
11.1 984.9 88.4
11.1 984.8 89.3
10.9 984.9 89.1
11.1 985.1 87.9
11.0 985.1 87.3
10.9 985.2 88.4
10.7 985.1 89.3
10.6 985.1 89.9
10.6 985.1 89.8
10.6 985.0 89.8
10.4 985.0 91.2
10.6 985.0 91.0
10.6 985.1 90.9
10.7 985.1 91.5
10.9 985.1 91.6
10.8 985.0 91.5
10.6 984.9 92.9
10.5 984.9 92.8
10.6 984.8 92.3
10.6 984.6 92.3
10.5 984.5 92.2
10.6 984.4 91.5
10.6 984.2 91.4
10.6 984.1 92.2
10.8 984.1 90.7
10.4 984.1 90.2
10.7 984.0 90.0
10.6 984.0 89.5
10.5 984.0 90.0
10.6 984.0 89.0
11.0 983.9 89.3
10.8 984.0 88.1
10.6 984.0 87.7
10.7 984.0 87.2
10.7 984.0 88.3
10.6 984.0 89.5
10.6 984.1 89.3
10.5 984.0 92.2
10.2 983.9 92.1
10.5 984.0 90.7
10.6 983.9 89.5
10.6 984.0 89.1
10.2 984.1 92.6
9.8 984.0 93.7
9.8 983.9 93.5
10.2 983.9 92.4
10.3 983.8 90.7
10.4 983.8 90.7
10.4 983.7 90.6
10.2 983.7 91.0
9.9 983.4 91.8
9.8 983.3 91.8
9.9 983.2 91.6
9.9 983.2 90.0
9.8 983.1 91.0
9.7 983.0 90.6
9.7 982.8 90.4
9.4 982.8 90.8
9.9 982.7 89.0
9.9 982.7 88.3
9.9 982.7 87.9
10.0 982.6 86.3
10.4 982.5 80.3
10.5 982.5 78.2
10.8 982.5 78.1
10.6 982.5 78.0
10.2 982.5 84.5
10.1 982.5 86.3
10.3 982.5 86.3
10.2 982.5 87.1
9.8 982.6 89.5
10.0 982.6 89.1
10.0 982.5 88.2
10.2 982.5 88.9
10.2 982.5 87.3
10.3 982.3 86.8
10.5 982.2 85.9
10.1 982.3 87.4
10.2 982.3 84.5
10.3 982.3 86.6
10.0 982.3 88.8
10.1 982.3 88.1
10.1 982.3 87.0
10.2 982.2 86.6
10.1 982.3 88.8
9.6 982.3 89.6
9.9 982.3 88.7
10.3 982.3 87.8
10.3 982.3 85.9
10.3 982.2 84.1
10.5 982.2 83.3
10.3 982.1 85.0
9.9 981.9 86.9
10.0 981.7 86.1
9.9 981.7 84.7
10.2 981.8 86.2
9.9 981.7 87.5
13.0 984.2 80.9
13.1 984.2 80.6
12.9 984.2 83.0
12.7 984.3 86.9
12.4 984.3 89.5
12.5 984.3 91.3
12.0 984.4 93.5
12.0 984.4 93.7
12.0 984.4 94.3
11.9 984.3 93.7
12.0 984.4 95.3
11.8 984.4 95.0
11.7 984.3 94.9
11.8 984.3 96.1
11.7 984.4 95.9
12.2 984.4 91.1
12.2 984.5 89.9
12.2 984.6 91.4
12.0 984.7 93.2
11.7 984.7 97.2
11.8 984.8 95.9
11.6 984.8 97.7
11.9 984.9 97.0
11.9 985.0 96.5
11.7 985.1 98.3
11.8 985.3 97.3
11.8 985.3 97.0
11.6 985.2 99.4
11.4 984.8 99.5
11.4 984.5 99.2
11.2 984.2 100.0
11.4 984.0 97.3
11.2 983.5 96.7
11.1 983.0 95.5
12.0 982.6 88.2
11.8 982.5 89.6
11.7 982.5 89.1
11.7 982.5 89.4
11.7 982.5 89.3
11.9 982.5 88.7
11.7 982.5 90.2
11.8 982.4 90.5
11.6 982.5 91.3
11.4 982.5 93.4
11.1 982.4 94.5
11.1 982.5 95.1
10.6 982.4 97.1
10.8 982.4 96.1
10.9 982.5 96.2
11.0 982.4 95.4
11.1 982.2 95.8
11.1 982.2 94.7
11.1 982.1 95.8
11.3 982.2 95.6
11.5 982.3 96.1
11.7 982.5 93.2
11.6 982.7 91.6
11.7 983.0 92.6
11.7 983.2 92.1
11.4 983.3 93.8
11.5 983.1 95.0
11.3 983.1 95.5
11.4 983.0 95.8
11.4 983.0 96.1
11.4 983.0 95.6
11.3 983.0 96.1
11.3 983.0 96.2
11.1 982.7 97.3
11.1 982.7 98.0
10.9 982.4 97.2
11.0 982.4 97.4
11.1 982.3 96.8
11.0 982.4 96.0
11.1 982.5 96.3
10.9 982.5 96.9
10.9 982.6 97.8
10.7 982.6 98.1
10.9 982.7 97.3
10.8 982.6 97.1
10.7 982.5 98.8
10.8 982.5 97.5
10.8 982.4 96.8
10.6 982.4 96.2
10.5 982.3 97.7
10.5 982.3 96.4
10.8 982.3 97.6
10.8 982.2 96.7
10.8 982.2 96.1
10.8 982.1 97.7
10.8 982.1 95.4
10.6 982.2 95.8
10.7 982.1 95.7
12.8 979.2 91.6
12.8 979.1 91.3
12.7 979.1 91.5
12.9 979.0 92.2
12.7 979.0 91.8
12.6 978.9 92.2
12.6 979.0 91.8
12.5 979.0 91.6
12.5 979.0 91.9
12.6 978.9 92.5
12.4 978.9 92.4
12.6 978.9 92.0
12.4 979.0 93.1
12.5 978.9 91.7
12.8 978.8 91.0
12.8 978.7 91.0
12.6 978.8 92.4
12.6 978.8 92.1
12.6 979.1 92.2
12.4 979.5 94.1
12.3 979.6 97.0
12.1 979.6 98.5
11.9 979.5 98.6
12.0 979.5 98.9
12.2 979.5 99.2
12.1 979.4 98.6
12.1 979.3 97.1
12.1 979.2 97.9
12.0 979.2 98.4
12.1 979.1 97.7
12.1 979.1 96.9
11.9 979.0 97.3
11.9 979.0 97.1
12.1 978.9 97.5
12.3 978.9 96.9
12.1 979.1 97.2
12.0 979.0 97.8
11.9 979.1 97.8
12.0 979.1 97.8
11.7 979.1 97.2
11.8 979.0 96.5
11.9 978.8 94.9
11.8 978.7 96.3
11.9 978.6 97.0
11.9 978.7 95.0
11.9 978.7 96.5
11.9 979.0 98.0
11.7 979.0 98.1
11.8 979.0 98.2
11.8 979.0 96.8
11.9 979.0 97.5
12.0 979.0 98.0
11.7 979.1 98.4
11.8 979.1 98.7
11.9 979.1 98.7
11.7 979.0 99.5
11.9 979.0 98.4
11.7 978.9 98.5
11.7 979.0 98.1
11.6 979.0 98.0
11.7 979.1 97.9
11.7 979.1 97.7
11.6 979.0 97.6
11.4 978.9 99.3
11.7 979.0 99.0
11.6 978.9 99.0
11.5 978.8 99.3
11.5 979.0 97.8
11.7 979.0 97.8
11.7 979.0 98.6
11.4 979.0 98.9
11.4 979.0 99.8
11.5 979.0 99.8
11.6 979.0 98.8
11.6 979.0 97.4
11.4 978.8 99.3
11.3 978.7 99.3
11.4 978.7 98.1
11.3 978.6 97.5
11.6 978.6 97.7
11.5 978.7 97.0
11.6 978.6 96.4
11.2 978.6 97.5
11.3 978.8 98.8
10.6 978.9 101.4
10.6 978.9 104.0
10.5 979.1 98.5
10.0 979.2 96.9
10.4 979.1 97.6
10.0 979.1 97.3
10.2 979.0 96.9
10.5 979.0 97.6
10.5 979.1 98.6
10.3 979.1 96.6
10.5 979.1 93.6
10.4 979.0 92.1
10.2 979.1 93.7
10.1 979.1 95.6
10.1 979.1 96.8
10.0 979.2 97.1
10.0 979.2 92.8
10.1 979.3 92.5
9.6 979.4 95.0
10.3 979.4 93.4
10.2 979.4 88.6
10.0 979.3 88.3
9.1 979.2 93.3
9.6 979.2 90.8
9.2 979.2 92.9
9.3 979.2 93.0
9.2 979.2 92.7
9.3 979.2 92.6
9.4 979.0 88.5
9.5 978.9 90.9
9.4 978.9 90.3
9.4 978.8 87.1
9.8 978.8 87.3
9.5 978.7 88.8
9.9 978.7 89.9
9.5 978.7 91.9
12.0 979.0 80.4
12.0 978.9 81.1
11.8 979.0 83.0
12.3 978.9 82.7
11.9 979.1 86.0
11.8 979.2 85.1
11.9 979.3 86.8
12.0 979.4 87.7
11.8 979.4 87.9
11.9 979.4 90.3
11.7 979.2 88.5
11.7 979.2 87.5
12.0 978.8 87.0
12.3 978.4 82.6
12.0 978.6 83.3
12.4 978.9 86.5
11.4 979.2 87.0
10.9 979.2 85.3
11.7 976.8 70.4
11.2 976.9 73.2
11.0 976.8 74.7
11.0 976.9 75.9
11.0 976.9 76.3
10.8 976.9 78.2
10.8 977.0 78.0
10.9 977.0 80.8
10.7 977.0 80.3
10.7 977.0 82.2
10.8 976.9 83.8
10.9 976.9 82.4
10.9 976.9 83.9
10.8 976.9 85.4
10.8 976.8 84.5
10.5 976.9 85.3
10.5 976.8 85.7
10.4 976.8 85.3
10.2 976.8 84.6
10.4 976.8 85.1
10.2 976.8 84.6
10.6 976.7 84.1
10.6 976.7 84.7
10.4 976.7 84.9
10.4 976.7 84.7
10.5 976.7 84.7
10.4 976.7 84.1
10.7 976.8 83.1
10.6 976.8 82.1
10.7 976.8 81.0
10.8 976.9 80.7
10.6 976.9 79.4
10.4 977.0 80.9
10.4 977.1 80.3
10.4 977.1 80.6
10.4 977.1 81.1
10.0 977.1 80.1
9.9 977.1 80.9
10.2 977.2 80.6
10.0 977.2 79.6
10.0 977.3 78.9
10.0 977.3 78.6
9.8 977.5 78.5
9.9 977.5 79.0
9.9 977.5 79.1
9.9 977.5 79.4
9.6 977.5 79.3
9.5 977.6 81.1
9.6 977.6 81.1
9.5 977.7 81.1
9.5 977.7 81.5
9.5 977.7 81.0
9.5 977.7 82.2
9.4 977.8 83.3
9.3 977.8 83.5
9.2 977.8 84.0
9.3 977.9 84.5
9.2 977.9 85.4
9.2 977.9 87.0
9.2 977.9 87.8
9.2 978.0 88.7
8.9 978.1 87.9
9.1 978.1 88.8
8.9 978.2 88.3
9.0 978.3 88.7
9.1 978.3 89.3
8.9 978.4 89.7
8.6 978.4 90.2
8.7 978.5 91.3
8.9 978.5 91.9
8.7 978.5 93.5
8.6 978.5 92.1
8.8 978.4 92.2
8.7 978.4 93.5
8.6 978.4 92.7
8.8 978.4 93.1
8.8 978.3 94.0
8.8 978.3 91.2
8.7 978.3 90.2
8.8 978.3 92.0
8.6 978.3 92.5
8.6 978.3 93.1
8.5 978.2 93.4
8.5 978.2 93.9
8.8 978.1 94.1
8.9 978.1 92.3
8.8 978.0 92.9
8.9 977.9 93.7
8.9 978.0 93.0
8.8 977.9 93.7
9.0 977.9 93.0
8.9 977.9 93.0
9.2 977.8 93.2
8.8 977.8 93.3
8.9 977.8 93.3
8.9 977.7 93.5
8.5 977.7 94.5
8.6 977.7 94.5
8.4 977.8 95.0
8.5 977.8 94.4
8.3 977.8 95.5
8.3 977.7 95.3
8.5 977.7 95.2
8.2 977.6 96.1
8.2 977.7 96.9
8.1 977.8 97.6
8.3 977.8 96.4
8.5 977.7 94.9
8.5 977.7 94.7
8.6 977.7 94.6
8.3 977.7 95.0
8.5 977.6 95.8
8.2 977.5 96.1
8.1 977.5 97.9
7.9 977.5 98.9
7.9 977.2 96.5
8.1 977.2 96.7
8.3 977.1 95.6
8.0 977.1 96.6
8.2 977.1 95.8
7.9 977.0 95.9
7.9 977.1 94.8
7.8 977.1 95.0
8.1 977.1 95.3
8.0 976.9 94.9
7.9 976.9 96.4
7.8 976.8 96.1
8.0 976.9 96.6
7.9 976.8 96.1
8.2 976.7 94.4
8.0 976.7 95.0
8.1 976.7 94.5
8.0 976.7 96.0
8.2 976.6 94.3
8.3 976.6 93.2
8.4 976.6 93.4
8.2 976.5 93.6
8.1 976.5 95.3
8.6 976.5 94.5
8.3 976.5 94.7
8.2 976.6 93.6
8.3 976.5 93.7
8.2 976.5 93.6
8.1 976.4 94.8
8.1 976.4 95.3
8.0 976.5 96.1
8.0 976.5 97.3
7.9 976.5 97.3
7.8 976.5 97.3
8.3 976.4 97.6
8.2 976.5 95.5
8.1 976.5 96.3
8.0 976.4 96.4
8.0 976.4 98.0
8.0 976.4 97.1
8.1 976.4 95.8
8.0 976.5 97.8
7.9 976.5 99.0
8.0 976.4 98.3
8.1 976.5 97.4
8.4 976.4 96.1
8.4 976.4 94.9
8.2 976.5 96.9
8.1 976.5 96.7
8.2 976.5 96.2
8.1 976.5 96.6
8.0 976.6 97.3
8.0 976.7 98.4
8.0 976.7 99.2
7.9 976.7 98.7
8.2 976.6 97.5
8.0 976.6 98.0
8.0 976.6 97.7
7.8 976.6 95.7
8.0 976.6 94.7
7.8 976.6 95.7
7.9 976.7 95.0
8.1 976.7 95.0
8.1 976.7 94.6
8.2 976.7 94.5
7.9 976.7 97.8
7.9 976.7 97.5
7.9 976.7 98.5
7.9 976.7 97.9
7.9 976.8 96.3
8.1 976.8 97.8
8.4 976.8 97.6
8.4 976.8 95.9
8.6 976.7 94.5
8.8 976.7 94.0
9.2 976.6 91.7
9.4 976.5 90.0
9.6 976.6 90.7
9.6 976.5 90.3
10.1 976.4 84.8
10.0 976.4 86.7
9.6 976.1 85.1
10.3 976.2 84.8
9.6 976.2 87.0
10.6 976.2 85.6
9.5 976.3 85.9
9.8 976.6 88.8
10.0 976.7 90.2
10.3 976.6 89.4
10.4 976.3 87.2
13.6 975.5 64.3
13.2 975.6 66.2
13.4 975.6 67.0
13.0 975.6 67.7
12.9 975.6 67.6
13.0 975.5 68.3
12.9 975.5 68.2
12.7 975.4 71.0
12.6 975.3 70.6
13.4 975.1 68.1
13.3 975.1 67.3
13.7 975.0 67.5
13.7 975.1 68.7
12.8 975.2 69.0
12.9 975.3 69.6
12.5 975.5 69.1
12.8 975.5 71.1
13.2 975.4 70.8
13.3 975.5 70.3
13.0 975.5 68.7
13.0 975.4 67.9
12.7 975.5 66.8
12.7 975.7 66.1
12.8 975.8 67.8
12.8 976.0 68.8
12.9 976.2 71.8
12.4 976.3 74.1
12.0 976.4 79.0
11.5 976.6 86.3
11.5 976.6 84.7
11.6 976.7 86.5
11.1 976.9 87.6
10.7 977.0 88.5
10.8 977.1 88.8
10.1 977.1 93.6
10.2 977.2 93.9
10.3 977.3 94.0
10.3 977.4 91.7
10.2 977.5 91.7
10.3 977.4 91.9
10.2 977.6 92.2
10.3 977.5 92.8
9.9 977.4 91.5
10.0 977.4 88.0
9.8 977.3 93.3
9.7 977.4 94.2
9.9 977.4 92.4
9.8 977.4 95.9
9.7 977.4 95.6
9.5 977.4 95.4
9.5 977.5 95.3
9.2 977.5 96.0
9.2 977.6 96.4
9.4 977.5 94.0
9.4 977.6 93.4
9.1 977.7 93.2
9.3 977.7 94.6
9.5 977.8 94.3
9.4 977.9 94.6
9.2 977.9 96.7
13.2 982.0 90.0
12.8 982.2 92.7
12.3 982.2 94.8
12.2 982.1 96.7
12.2 982.1 96.8
12.2 982.1 94.6
12.0 982.1 95.9
12.1 982.0 94.2
12.0 981.9 94.7
11.9 981.8 95.5
12.1 981.9 94.9
12.1 981.9 95.5
12.0 981.9 95.0
12.0 981.9 95.8
12.3 981.9 95.2
12.0 981.9 96.7
12.1 981.9 94.9
12.0 982.0 96.0
11.8 982.0 96.8
11.9 982.0 95.3
12.0 982.1 94.6
12.0 982.2 96.2
12.0 982.2 94.1
12.2 982.1 94.3
11.7 982.0 96.6
11.6 982.0 97.5
11.5 982.0 99.0
11.3 982.0 100.4
11.2 982.0 99.0
11.0 981.9 99.4
11.1 981.9 98.7
11.1 981.9 96.3
11.0 981.8 93.8
10.8 981.8 93.9
10.5 981.9 94.7
10.6 981.9 93.4
10.5 981.8 90.4
10.4 981.8 89.5
10.0 981.8 92.0
10.2 981.7 92.5
10.2 981.7 89.9
10.1 981.6 91.1
10.1 981.5 93.9
10.0 981.5 91.1
10.0 981.5 90.8
10.2 981.4 91.6
10.3 981.4 92.1
10.5 981.3 90.4
18.1 968.7 72.6
17.4 968.9 83.7
16.9 968.9 90.2
16.8 969.1 95.5
16.3 969.1 95.6
15.7 968.9 99.6
16.0 968.7 100.0
16.3 968.8 99.9
15.9 968.8 101.8
15.8 968.7 103.2
16.3 968.5 102.4
16.5 968.4 101.9
16.6 968.3 100.8
16.6 968.2 105.1
16.6 968.1 103.1
17.2 968.3 105.9
16.3 968.6 108.4
15.1 968.7 113.5
15.1 968.7 114.1
15.2 968.8 114.6
14.5 968.8 116.1
15.0 968.7 115.5
15.1 968.7 115.5
14.7 968.6 116.5
14.1 968.8 119.1
14.1 968.8 121.1
14.7 968.7 118.4
14.8 968.4 117.4
15.2 968.4 115.9
14.6 968.6 120.9
14.2 968.8 121.5
14.0 968.9 123.7
14.4 968.8 121.2
14.6 968.8 120.2
14.7 968.8 119.0
14.8 968.8 119.5
14.6 968.6 120.1
14.0 968.9 125.1
14.4 968.9 124.7
14.2 968.9 122.8
14.3 968.8 121.2
13.8 968.8 124.5
14.6 968.7 122.6
14.2 968.7 121.9
13.8 968.8 123.9
13.9 968.7 126.4
14.0 968.8 126.0
14.0 968.8 125.1
14.2 968.8 122.6
14.1 968.7 121.9
14.3 968.7 122.8
14.0 968.7 123.4
13.9 968.7 125.9
14.2 968.7 124.3
14.4 968.7 123.9
13.9 968.8 125.7
14.2 968.9 125.0
14.4 969.0 124.0
14.1 969.0 121.0
14.6 969.0 122.8
14.4 969.1 122.3
14.6 969.1 120.8
14.4 969.1 122.3
14.4 969.1 122.1
13.9 969.2 126.0
13.6 969.3 126.5
13.9 969.3 125.9
14.1 969.4 127.4
14.1 969.4 126.1
14.0 969.4 126.4
14.2 969.4 124.6
14.1 969.5 124.0
14.0 969.6 126.9
14.3 969.6 125.1
14.1 969.6 124.4
14.0 969.7 124.2
13.9 969.7 126.0
13.8 969.8 126.9
14.1 969.8 126.7
14.2 969.8 125.9
14.2 969.8 125.5
13.8 969.9 127.7
13.8 970.0 130.2
14.0 970.0 129.5
14.0 970.1 128.2
14.2 970.1 127.5
14.3 970.1 127.3
14.4 970.1 126.4
14.4 970.1 125.7
14.6 970.1 126.8
14.8 970.1 126.1
14.4 970.1 126.0
14.4 970.1 126.5
14.4 970.0 126.6
13.9 970.0 127.7
13.9 970.1 129.0
14.1 970.1 128.0
14.4 970.1 126.6
14.4 970.1 126.1
14.4 970.1 125.4
14.5 970.1 126.6
14.5 970.2 126.5
14.7 970.3 124.8
14.7 970.4 123.5
14.3 970.4 125.2
14.7 970.4 125.3
14.5 970.4 125.0
14.7 970.3 125.6
14.7 970.3 125.5
14.6 970.3 126.9
14.5 970.3 127.1
14.6 970.3 126.4
14.7 970.3 125.5
14.6 970.3 126.0
14.6 970.3 125.1
14.8 970.4 124.9
14.6 970.4 124.5
14.5 970.4 125.3
14.5 970.3 126.1
14.4 970.4 125.8
14.1 970.5 127.3
14.2 970.5 126.5
14.1 970.5 125.4
14.2 970.5 126.8
14.1 970.5 127.1
14.2 970.4 128.0
14.2 970.3 129.0
14.4 970.3 127.4
14.6 970.2 127.5
14.0 970.3 129.0
14.0 970.3 131.1
14.1 970.3 130.2
14.0 970.2 130.8
14.3 970.2 130.0
14.4 970.2 127.8
14.4 970.1 128.4
14.4 970.1 129.3
14.1 970.1 130.2
14.1 970.1 130.0
14.0 970.2 130.8
14.1 970.1 131.5
14.2 970.1 131.4
14.3 970.0 130.9
14.2 970.0 130.4
14.5 969.9 129.8
14.5 970.0 128.6
14.7 970.0 127.8
14.7 969.9 127.1
14.8 969.9 125.7
14.7 969.9 125.8
14.1 969.9 129.7
14.3 969.9 130.6
14.5 969.9 129.7
14.5 969.9 129.2
14.4 969.9 131.0
14.7 969.9 130.3
14.7 969.9 129.1
14.7 969.9 129.2
14.6 969.8 130.1
14.3 969.8 131.1
14.4 969.8 131.0
14.5 969.8 130.4
14.4 969.7 130.8
14.7 969.7 128.5
14.7 969.7 129.0
14.7 969.6 128.5
14.6 969.6 128.7
14.5 969.5 129.1
14.8 969.6 128.4
14.6 969.5 130.2
14.7 969.5 129.5
14.8 969.4 125.9
14.8 969.4 126.4
14.6 969.5 128.9
14.8 969.5 128.1
14.9 969.5 126.9
14.7 969.5 128.1
14.6 969.5 129.1
14.7 969.5 128.8
14.5 969.5 129.7
14.7 969.5 129.2
14.7 969.5 128.5
14.8 969.5 128.2
14.8 969.6 128.4
14.5 969.5 129.2
14.5 969.6 129.7
14.5 969.7 129.2
14.3 969.7 130.9
14.6 969.6 129.9
14.7 969.8 128.9
14.7 969.8 128.1
14.6 969.7 128.1
14.8 969.7 127.9
14.9 969.8 128.0
14.9 969.9 129.3
14.8 969.9 128.7
14.9 970.0 128.4
14.9 970.0 128.1
15.0 970.0 127.8
15.0 970.0 128.4
14.9 970.0 129.8
14.9 970.0 130.3
14.9 970.0 129.9
14.8 970.0 131.3
14.9 970.0 130.0
15.1 970.0 129.0
15.2 970.0 128.1
15.1 970.1 129.5
15.0 970.0 128.8
14.9 970.1 128.4
14.8 970.2 130.8
14.8 970.1 130.0
15.0 970.0 128.1
15.1 970.0 128.1
15.1 970.2 127.6
15.3 970.2 123.9
15.2 970.2 124.9
15.1 970.3 127.2
15.0 970.3 126.3
15.2 970.2 122.0
15.0 970.4 124.8
15.2 970.3 125.2
15.2 970.4 123.1
14.9 970.4 125.2
15.0 970.5 122.9
15.0 970.4 123.9
15.0 970.4 124.7
15.3 970.5 121.5
15.3 970.5 122.3
15.3 970.4 122.2
15.6 970.4 122.4
15.8 970.5 121.6
16.0 970.4 121.4
15.7 970.6 122.9
15.4 970.8 125.0
15.4 970.8 124.4
15.3 970.9 124.5
15.4 970.9 125.6
15.3 971.1 124.1
15.0 971.1 125.5
15.1 971.2 126.1
15.1 971.1 127.1
15.2 971.0 126.3
15.4 970.9 125.0
15.7 970.9 124.0
15.9 971.0 124.5
15.6 971.1 125.8
15.5 971.2 125.0
15.4 971.3 126.6
15.2 971.3 127.0
15.2 971.3 128.2
15.1 971.3 128.1
15.0 971.3 128.1
15.0 971.4 127.8
14.9 971.4 129.3
14.7 971.4 128.2
15.0 971.3 126.8
14.7 971.3 127.3
14.8 971.3 127.3
14.8 971.2 126.9
15.1 971.3 126.8
14.9 971.3 127.5
14.8 971.4 126.5
14.8 971.4 126.5
14.9 971.5 127.4
14.9 971.4 126.7
15.2 971.1 124.9
15.4 971.0 125.5
15.3 971.3 123.2
15.2 971.4 123.6
15.2 971.4 123.9
15.4 971.5 122.2
15.4 971.4 122.3
15.6 971.3 120.3
15.5 971.4 119.5
15.5 971.5 121.6
15.5 971.6 122.0
15.4 971.5 118.3
15.2 971.7 119.0
14.8 971.7 123.3
14.9 971.8 125.7
15.2 971.8 125.8
15.6 971.8 125.2
15.5 971.8 125.8
15.1 971.9 127.8
14.9 972.1 130.8
14.9 972.0 129.7
15.0 972.1 128.8
15.0 972.1 126.0
15.2 972.0 124.3
15.6 971.9 125.4
15.8 971.9 124.4
15.8 971.9 124.0
15.9 971.8 122.3
16.4 971.4 119.0
17.1 971.5 115.2
16.8 971.7 114.8
16.9 971.6 113.6
17.0 971.6 113.5
16.7 971.6 116.0
17.0 971.7 114.8
16.4 971.8 117.8
16.7 971.6 117.1
16.9 971.5 115.0
17.3 971.2 112.5
17.8 971.2 110.6
17.8 971.3 108.8
17.4 971.7 110.7
17.4 971.5 113.2
17.3 971.5 111.3
17.1 971.6 113.4
17.3 971.7 113.5
17.0 971.8 115.9
17.3 971.6 114.1
17.9 971.3 108.4
17.9 971.6 108.0
17.5 971.7 109.5
17.5 971.8 112.8
17.4 971.9 114.7
17.0 972.0 112.2
16.8 972.0 116.1
16.7 972.1 116.7
16.6 972.1 119.5
16.6 972.1 119.0
16.5 972.1 119.7
16.5 972.0 120.3
