6.8 982.4 83.1
6.6 982.5 83.3
7.0 982.2 79.9
7.0 982.2 76.1
6.7 982.4 82.0
6.8 982.3 81.6
6.2 982.4 83.7
6.1 982.4 83.0
6.7 982.4 78.6
6.4 982.4 81.9
5.8 982.5 84.1
6.0 982.6 84.6
6.0 982.6 86.2
5.6 982.6 86.9
5.6 982.5 85.9
5.9 982.4 84.0
6.0 982.5 83.5
6.0 982.4 85.2
6.0 982.3 85.3
6.2 982.4 83.8
6.2 982.4 80.7
6.2 982.3 82.5
5.6 982.4 85.2
6.0 982.3 85.3
6.1 982.4 84.4
5.8 982.4 84.8
6.1 982.3 84.0
5.4 982.3 86.6
5.4 982.3 86.8
5.7 982.2 82.7
6.3 982.2 77.3
6.5 982.1 75.8
6.3 982.1 75.1
6.2 982.2 76.2
6.3 982.3 75.3
6.2 982.3 75.1
6.1 982.3 73.9
6.3 982.3 73.5
6.2 982.2 72.7
6.1 982.2 72.6
6.2 982.2 72.7
6.1 982.3 74.3
6.0 982.1 73.2
6.0 982.2 77.9
5.8 982.3 78.4
5.7 982.2 75.8
5.9 982.2 72.3
6.1 982.1 72.3
6.0 982.0 74.8
6.1 982.2 71.2
6.3 982.1 71.6
6.3 982.0 69.3
6.1 982.0 69.6
6.1 982.0 69.4
6.2 981.9 68.2
6.3 981.9 67.8
6.1 981.9 67.7
6.2 981.8 67.1
6.4 981.8 66.3
6.4 981.8 65.5
6.5 981.8 65.5
6.2 981.7 65.4
6.1 981.7 66.3
6.2 981.7 65.2
6.0 981.9 65.9
6.0 981.8 66.4
6.0 981.8 66.0
6.0 981.8 65.8
5.8 981.8 66.0
6.0 981.8 65.7
6.0 981.7 65.4
6.1 981.8 64.1
6.1 981.9 63.8
5.9 982.0 64.6
5.9 982.0 65.2
5.8 982.1 64.7
5.9 982.1 64.5
6.1 982.1 64.2
6.0 982.2 63.6
6.2 982.2 64.1
6.2 982.2 64.4
6.1 982.2 64.1
6.2 982.3 64.5
6.0 982.3 64.7
6.3 982.3 65.9
6.0 982.4 65.5
6.2 982.5 67.9
6.4 982.6 66.0
5.8 982.6 71.1
6.1 982.6 70.8
6.5 982.5 68.7
6.4 982.5 69.1
6.1 982.5 71.3
6.9 982.4 70.8
7.5 982.3 69.3
7.3 982.4 66.7
7.6 982.3 67.6
8.3 982.3 62.4
8.9 982.2 58.3
9.3 982.2 55.7
9.3 982.2 54.9
9.3 982.1 54.5
9.4 982.2 55.4
9.3 982.2 54.7
9.7 982.2 54.7
9.7 982.3 52.8
9.8 982.3 56.6
10.0 982.2 52.4
10.6 982.2 54.7
10.8 982.3 50.9
10.8 982.3 48.8
11.0 982.3 54.8
11.0 982.3 52.8
11.0 982.3 52.2
11.2 982.3 49.9
10.7 982.3 53.9
12.0 982.3 50.8
12.4 982.2 51.5
11.7 982.2 50.1
12.4 982.2 48.0
11.9 982.2 47.4
12.5 982.1 47.7
11.9 982.2 46.5
12.2 982.1 43.5
12.3 982.1 42.6
12.6 982.0 41.3
12.4 982.0 39.3
12.8 981.9 39.7
12.1 982.0 37.4
12.4 981.9 37.3
13.4 981.8 37.2
13.2 981.8 38.1
13.3 981.7 37.3
13.6 981.6 36.2
14.2 981.4 35.7
13.6 981.3 35.4
14.3 981.2 34.4
14.6 981.2 34.8
14.3 981.1 31.8
14.3 981.1 32.3
14.8 981.0 32.3
15.6 980.9 31.1
15.5 980.9 32.8
14.2 980.9 30.2
15.4 980.8 32.2
15.5 980.7 31.7
15.3 980.6 31.2
14.1 980.9 33.6
16.1 980.4 30.0
15.8 981.2 39.9
15.2 981.1 41.2
15.5 980.1 29.7
15.7 980.9 39.1
14.8 981.0 40.4
13.6 981.0 39.8
15.0 980.7 38.0
14.7 980.6 36.1
14.4 980.6 35.3
14.5 980.6 35.9
14.3 980.6 36.8
14.7 980.5 36.3
14.8 980.6 38.1
15.1 980.6 37.1
15.2 980.6 38.8
15.2 980.5 38.0
15.5 980.4 36.9
15.7 979.7 28.4
16.3 979.8 28.4
17.0 980.5 35.6
15.9 980.7 37.3
15.9 980.5 34.4
16.7 979.9 29.2
17.3 979.7 28.1
17.2 979.7 28.8
17.4 979.6 29.9
18.0 979.6 31.0
17.0 980.4 35.7
16.1 979.6 28.1
16.3 979.6 29.5
17.1 980.2 36.5
17.0 979.6 28.9
17.2 979.5 28.4
16.8 979.6 31.8
15.4 979.8 40.9
15.3 979.9 41.3
14.9 979.9 41.2
15.3 979.8 41.6
15.2 979.9 42.5
14.9 979.9 42.8
14.6 979.8 42.5
14.9 979.9 42.7
14.4 979.9 42.3
14.6 980.0 44.0
14.8 979.9 43.6
14.4 980.0 43.2
14.5 980.0 44.3
14.5 980.0 43.4
14.2 980.2 44.1
14.0 980.2 43.5
14.1 980.2 46.1
13.8 980.2 45.6
13.6 980.2 45.0
13.1 980.2 45.4
13.3 980.1 45.0
13.4 980.1 45.8
13.3 980.1 45.3
13.3 980.3 45.3
13.2 980.3 45.9
12.8 980.4 46.1
12.7 980.5 46.7
12.3 980.5 47.4
12.3 980.6 47.4
12.3 980.4 47.7
12.1 980.5 48.3
11.8 980.7 48.8
11.6 980.6 48.9
11.3 980.7 49.7
11.1 980.7 50.0
11.1 980.7 49.9
10.9 980.8 50.7
10.7 980.6 50.4
10.6 980.9 52.2
10.8 980.8 51.3
10.7 980.9 51.8
10.4 981.0 52.2
10.4 980.9 52.0
10.4 981.2 53.1
10.3 981.2 52.6
10.2 981.3 52.8
10.2 981.4 52.4
10.3 981.4 53.5
8.6 980.0 71.8
8.3 979.9 72.9
8.3 979.9 72.7
7.9 979.9 74.9
7.8 979.8 75.6
8.1 979.7 74.1
7.9 979.7 74.5
7.9 979.6 74.5
7.9 979.6 75.5
7.9 979.6 73.5
8.0 979.5 71.4
7.8 979.5 74.4
8.1 979.5 71.7
8.4 979.4 69.5
8.4 979.4 69.5
8.2 979.3 70.9
8.1 979.4 72.0
8.0 979.3 73.3
7.5 979.2 75.9
7.6 979.3 75.4
8.2 979.2 71.1
8.2 979.2 71.9
7.8 979.2 73.7
8.0 979.1 72.2
8.4 979.2 70.7
8.5 979.1 70.0
8.0 979.2 71.4
7.8 979.2 73.1
8.3 979.2 70.4
8.4 979.2 69.9
7.8 979.2 71.7
8.1 979.2 71.0
7.9 979.2 71.6
7.8 979.2 71.6
7.6 979.2 74.1
7.9 979.1 71.6
7.7 979.0 73.7
8.0 979.0 70.4
8.1 979.0 70.5
8.1 979.1 69.1
8.1 979.0 69.8
8.3 979.0 69.5
8.2 979.0 70.1
8.2 979.0 70.1
8.2 978.9 70.5
8.2 978.9 69.9
8.1 978.9 70.6
7.8 978.9 71.8
7.4 979.0 74.0
7.2 979.0 74.0
7.1 978.9 75.6
7.1 978.9 75.3
7.4 979.0 73.5
7.8 979.1 71.4
7.9 979.1 70.9
8.1 979.0 70.4
7.9 979.0 70.9
8.1 979.0 69.9
7.7 979.0 72.3
7.8 979.1 72.1
7.8 979.2 72.4
8.1 979.1 69.3
8.5 979.0 68.2
8.2 979.1 68.3
8.5 979.2 68.1
8.8 979.2 66.1
8.5 979.2 66.9
8.3 979.2 69.2
8.0 979.3 70.4
8.6 979.2 67.0
9.1 979.2 66.9
8.8 979.1 64.9
8.9 979.1 65.1
7.8 979.2 71.2
8.2 979.2 70.0
9.1 979.1 64.4
9.1 979.1 64.2
9.1 978.9 65.3
9.4 978.9 63.0
9.5 978.9 61.5
9.5 978.9 62.0
9.7 978.8 62.4
9.7 978.6 60.6
9.8 978.4 58.4
9.9 978.2 57.2
10.0 978.3 59.6
10.1 978.1 58.2
10.6 978.1 57.2
10.9 977.9 56.9
10.5 977.9 55.3
11.1 977.6 53.9
11.2 977.5 52.9
11.5 977.3 55.7
11.6 978.0 57.9
12.0 977.5 55.2
12.6 977.3 51.5
12.6 977.6 51.8
12.7 977.6 53.0
12.6 977.4 51.5
12.1 977.7 51.1
11.9 977.6 53.2
11.7 977.7 52.4
12.3 977.5 52.1
13.1 977.0 47.3
12.3 977.5 50.2
12.7 977.4 53.3
12.9 977.2 47.5
12.5 977.3 45.6
12.9 976.9 42.4
13.3 977.1 42.8
13.7 977.2 43.5
13.0 977.3 42.9
13.8 976.6 38.5
14.2 976.4 37.8
14.6 976.6 36.2
14.0 976.7 37.8
14.2 976.3 36.1
15.1 976.6 37.4
14.8 976.3 36.2
15.3 976.1 33.8
15.3 976.1 32.5
16.1 976.0 31.4
15.4 976.0 30.6
15.8 975.8 30.7
14.7 976.1 33.2
15.2 975.6 31.1
16.2 975.8 32.2
16.6 975.6 29.2
16.8 975.6 30.3
15.6 976.0 32.7
17.1 975.5 29.2
15.5 975.7 32.7
15.5 975.9 34.3
14.7 976.1 35.8
15.7 975.7 35.1
16.2 975.8 34.6
16.4 975.7 34.2
16.6 975.4 30.6
16.1 975.6 32.6
16.4 975.4 30.8
16.5 975.5 31.3
16.6 975.6 31.2
15.9 975.3 29.2
16.3 975.7 32.7
16.8 975.5 30.5
16.4 975.6 31.0
16.8 975.4 29.2
16.9 975.4 31.1
16.4 975.2 27.5
16.5 975.5 30.8
16.1 975.4 30.5
16.7 975.1 28.0
17.0 975.2 28.1
16.8 975.3 28.0
17.0 975.5 31.6
16.8 975.8 35.0
17.0 975.4 32.9
16.8 975.2 31.0
17.0 975.1 30.8
17.0 975.4 34.1
16.4 974.9 30.2
17.0 975.2 32.9
16.7 974.9 30.3
17.1 975.0 32.0
15.9 975.1 34.1
16.5 974.5 30.0
17.4 974.6 31.7
16.4 975.1 36.9
15.6 974.9 35.5
16.0 974.9 33.9
16.1 974.9 34.8
16.3 975.1 36.0
16.0 975.0 36.0
16.1 974.9 35.1
15.8 975.1 39.6
15.4 975.0 38.8
15.3 975.1 38.8
15.6 975.0 37.5
15.9 975.1 38.0
15.5 975.3 39.2
15.4 975.3 39.8
15.3 975.2 40.5
15.2 975.1 41.4
15.2 975.2 40.4
15.1 975.2 41.2
15.0 975.2 40.9
14.7 975.3 42.5
14.5 975.3 41.5
14.5 975.4 42.1
14.6 975.5 42.2
14.5 975.5 42.9
14.6 975.4 42.5
14.8 975.4 43.4
14.5 975.4 42.9
14.6 975.5 42.8
14.4 975.5 43.7
14.4 975.5 44.2
14.4 975.5 43.8
14.3 975.5 43.9
14.4 975.6 43.5
14.4 975.6 43.8
14.1 975.7 44.7
14.1 975.8 45.9
13.8 975.7 46.3
13.7 975.7 45.5
13.6 975.7 45.4
13.7 975.7 45.7
13.6 975.8 46.1
13.4 975.8 45.2
13.3 975.9 45.5
13.1 975.9 45.6
13.1 976.0 45.3
12.9 976.0 46.4
12.7 976.0 46.2
12.7 976.1 46.9
12.6 976.2 47.0
12.6 976.3 48.0
12.5 976.2 46.8
12.4 976.3 46.8
12.3 976.4 47.2
12.1 976.5 47.4
12.0 976.6 48.9
12.0 976.7 48.6
11.7 976.9 49.0
11.8 977.0 48.7
11.7 977.1 49.2
11.6 977.1 49.5
11.5 977.1 50.1
11.5 977.1 49.5
11.4 977.2 50.2
11.3 977.2 49.9
11.3 977.3 49.2
11.5 977.3 49.0
11.4 977.3 49.3
11.4 977.3 49.6
11.3 977.3 50.0
11.4 977.4 49.7
11.3 977.5 50.0
11.4 977.5 50.0
11.3 977.4 50.6
11.1 977.5 50.9
11.2 977.5 51.1
11.1 977.4 51.5
11.0 977.5 52.3
11.1 977.5 52.0
10.8 977.5 52.0
10.9 977.5 53.8
10.1 977.6 57.6
9.9 977.6 59.0
10.2 977.5 58.4
10.0 977.5 59.3
9.9 977.6 60.0
10.1 977.4 57.3
10.0 977.5 55.7
10.3 977.5 56.0
9.9 977.4 58.8
10.0 977.4 58.5
9.8 977.5 58.6
9.6 977.6 59.6
9.4 977.5 61.4
9.4 977.5 61.1
9.4 977.4 61.9
9.2 977.4 60.6
9.6 977.5 60.7
9.3 977.5 61.2
9.6 977.4 58.6
9.0 977.5 60.8
9.3 977.4 61.5
8.7 977.4 63.8
8.7 977.4 64.9
8.8 977.3 64.0
9.0 977.3 62.7
9.0 977.3 62.9
8.4 977.3 64.1
8.3 977.4 65.5
8.3 977.3 65.7
8.3 977.2 64.5
8.4 977.3 65.0
8.4 977.1 63.9
8.3 977.0 65.0
8.2 977.0 65.7
8.1 977.0 67.1
8.2 976.9 65.6
7.9 976.9 66.7
8.2 976.9 65.1
7.8 976.8 64.8
7.9 976.7 64.0
7.8 976.5 65.1
8.0 976.6 63.4
7.9 976.6 63.7
7.7 976.5 65.4
7.7 976.5 64.7
7.7 976.4 64.8
8.0 976.2 60.2
8.3 976.3 57.4
8.0 976.3 58.2
7.8 976.0 62.9
7.7 976.0 63.6
7.5 976.1 63.5
7.3 975.9 64.7
6.9 975.8 66.4
7.1 975.8 64.6
7.1 975.7 64.7
7.1 975.7 64.5
7.2 975.7 61.0
7.5 975.6 55.6
6.9 975.6 62.8
7.1 975.5 61.2
7.9 975.4 49.2
7.8 975.4 52.7
7.3 975.3 56.0
7.7 975.2 48.8
7.2 975.3 57.5
6.7 975.3 59.8
7.2 975.2 55.7
7.1 975.2 54.6
7.8 975.1 47.6
8.0 975.2 45.3
6.7 975.3 58.7
7.3 975.2 49.4
7.2 975.1 46.7
7.7 975.0 45.2
7.5 975.1 46.2
7.5 975.2 46.3
7.5 975.2 46.4
7.5 975.1 45.4
7.5 975.0 46.0
7.5 974.9 46.4
7.5 975.0 46.7
7.5 975.0 46.3
7.6 975.2 45.4
7.5 975.2 45.1
7.8 975.2 45.2
7.7 975.2 44.9
7.7 975.1 44.8
7.5 975.0 45.3
7.8 975.2 45.0
7.1 975.2 48.1
6.9 975.0 52.1
7.4 975.0 48.0
7.6 975.1 46.8
7.2 975.3 50.3
6.7 975.3 51.7
7.5 975.4 47.4
7.4 975.3 47.8
7.4 975.2 47.0
7.7 975.3 47.0
7.7 975.3 47.1
7.8 975.2 47.2
8.2 975.1 45.5
8.5 975.0 44.5
8.4 975.0 45.0
8.3 975.0 45.0
8.6 974.9 44.4
8.7 974.9 45.2
8.9 974.8 45.4
8.8 974.7 44.5
9.0 974.4 44.1
9.0 974.4 44.1
9.1 974.3 44.6
9.1 974.4 44.2
9.4 974.4 44.6
9.3 974.4 45.0
9.3 974.5 45.8
9.8 974.2 44.7
10.1 974.1 42.8
10.6 974.0 42.0
10.6 973.9 41.2
10.8 973.7 39.6
11.2 973.8 40.0
11.2 973.7 41.1
11.1 973.7 38.6
11.2 973.6 39.4
11.2 973.5 38.8
10.6 973.6 40.2
11.3 973.3 42.0
11.6 973.4 41.4
11.2 973.4 43.5
11.2 973.2 42.5
12.6 973.1 40.4
12.2 973.3 43.7
11.2 973.6 45.2
11.0 973.8 47.9
11.6 973.3 43.6
12.3 973.3 42.2
12.6 973.2 41.3
13.1 972.9 42.1
13.3 973.1 38.4
13.0 973.0 39.2
13.8 972.9 37.5
14.6 972.8 34.8
13.8 972.9 33.7
14.2 972.7 32.5
14.6 972.5 29.9
14.6 972.4 27.2
15.2 972.5 27.9
16.0 972.5 28.3
15.2 972.5 27.2
15.7 972.5 28.0
15.7 972.5 26.6
15.0 972.7 28.8
16.2 972.7 29.7
15.9 972.7 28.0
15.5 972.7 29.3
16.5 972.7 27.3
16.0 972.7 27.9
16.6 972.6 28.4
16.5 972.7 28.8
15.7 972.6 27.3
15.6 972.5 27.6
15.5 972.3 26.9
17.1 972.1 25.4
16.8 972.1 24.9
17.2 972.0 26.4
17.6 972.0 24.8
18.0 971.6 22.6
18.0 971.5 22.8
18.6 971.6 21.1
18.6 971.4 21.7
18.0 971.4 20.7
18.7 971.4 22.2
18.6 971.3 20.2
18.4 971.3 21.5
18.1 971.0 21.6
18.7 971.5 25.5
18.7 971.4 22.6
19.4 971.2 24.5
17.9 971.4 22.4
18.3 971.3 26.7
18.3 971.2 21.4
18.6 971.2 22.5
18.6 971.2 24.4
18.9 971.1 23.8
19.5 970.8 21.9
19.4 970.9 21.8
19.4 970.9 23.4
19.6 970.8 21.3
19.2 970.9 23.0
18.9 971.0 21.7
19.3 970.8 23.0
19.8 971.2 26.4
18.5 971.4 27.0
19.0 971.1 22.4
19.3 971.0 23.1
18.9 971.2 23.2
18.9 971.3 25.2
18.3 971.4 27.1
18.2 971.4 26.5
17.8 971.4 27.9
17.4 971.4 27.4
17.4 971.6 29.2
17.4 971.5 30.0
17.2 971.6 29.5
16.8 971.8 33.8
15.9 971.8 32.5
16.2 971.8 32.4
16.1 971.6 31.8
16.9 971.4 31.5
17.0 971.3 30.0
17.0 971.4 30.7
16.7 971.4 31.1
16.7 971.7 32.1
16.5 971.8 35.1
16.0 971.9 36.2
15.3 972.0 37.0
15.6 972.1 36.9
15.3 972.0 38.8
15.2 972.0 37.9
15.5 972.0 38.5
15.4 972.0 38.7
15.6 971.9 38.5
15.2 972.0 38.8
15.1 972.0 39.1
15.2 972.0 38.7
14.9 972.1 39.7
14.8 972.1 38.9
15.3 971.8 36.3
15.6 971.7 36.5
15.7 971.9 35.9
15.2 972.1 37.5
15.1 972.4 40.0
14.5 972.3 41.6
14.6 972.5 41.6
14.3 972.5 42.0
14.1 972.5 42.7
14.0 972.6 42.3
13.8 972.7 42.9
13.5 972.8 44.3
13.4 973.0 44.9
13.2 973.0 44.5
13.0 973.1 44.6
12.8 973.0 45.4
12.6 973.2 45.7
12.5 973.1 46.4
12.2 973.2 45.8
12.4 973.2 46.3
12.4 973.2 46.2
12.3 973.4 46.7
12.3 973.4 46.7
12.3 973.5 46.7
12.0 973.6 47.0
12.0 973.6 47.2
11.9 973.7 46.9
11.7 973.7 47.4
11.7 973.7 48.2
11.6 973.8 48.5
11.5 973.8 48.8
11.5 973.8 49.1
11.6 973.8 49.4
11.4 974.0 49.2
11.2 973.9 49.8
11.3 974.2 50.5
11.3 974.1 49.0
11.3 974.3 52.1
11.1 974.6 51.0
11.2 974.6 51.0
11.0 974.7 50.7
10.9 974.6 51.1
10.9 974.7 51.0
10.9 974.9 51.5
10.8 974.8 51.2
10.9 974.8 51.4
11.0 974.9 51.5
10.5 975.0 51.8
10.7 975.0 51.9
10.5 975.1 51.0
10.4 975.1 52.0
10.5 975.0 51.7
10.3 975.2 52.8
10.4 975.2 52.1
10.3 975.1 52.1
10.3 975.2 52.0
10.5 975.2 52.0
10.0 975.2 52.2
10.1 975.4 52.2
10.2 975.4 52.0
10.0 975.5 52.8
10.2 975.5 52.4
10.1 975.6 52.1
10.0 975.6 52.7
10.0 975.6 52.9
9.8 975.6 54.3
9.7 975.6 54.0
9.7 975.6 54.4
9.6 975.6 54.8
9.7 975.7 55.0
9.8 975.7 53.3
9.7 975.8 54.8
9.6 975.9 55.2
9.3 975.9 57.5
9.0 975.9 60.2
8.8 975.9 61.0
8.7 975.9 62.0
8.3 975.9 63.1
8.9 975.9 61.7
8.8 975.9 62.3
8.6 976.0 62.7
8.2 976.0 64.2
8.0 976.1 64.8
8.2 975.9 64.6
8.4 975.9 64.8
8.6 975.9 63.5
8.5 976.0 63.6
8.5 976.1 63.6
8.7 976.1 63.7
8.5 976.1 64.5
8.4 976.0 65.7
8.5 976.0 65.7
8.4 976.0 66.9
8.8 976.0 63.9
8.8 976.0 64.3
9.0 976.0 63.7
9.0 976.0 63.6
8.9 975.9 64.8
8.6 975.9 64.9
8.9 975.9 63.0
8.6 975.9 63.9
8.4 975.9 66.0
8.4 975.9 67.2
8.3 975.8 67.9
8.0 975.8 68.0
8.0 975.7 67.0
8.0 975.8 67.2
7.8 975.8 67.7
8.0 975.8 68.0
8.0 975.8 67.3
7.9 975.8 68.0
7.5 975.8 69.5
7.6 975.7 69.2
7.7 975.7 69.8
7.7 975.7 68.8
7.5 975.6 69.5
7.7 975.6 68.9
7.9 975.7 67.8
7.8 975.7 68.3
7.8 975.6 68.9
7.9 975.5 68.3
7.7 975.5 67.6
7.5 975.5 68.6
7.8 975.6 67.4
7.7 975.5 67.8
7.7 975.5 68.8
7.6 975.6 69.3
7.4 975.6 69.6
7.4 975.6 69.5
7.3 975.6 70.4
7.4 975.6 69.9
7.3 975.6 69.5
7.3 975.5 71.6
7.5 975.4 70.9
7.5 975.4 71.0
7.7 975.5 70.5
7.6 975.4 70.5
7.8 975.4 70.7
7.5 975.4 70.7
7.2 975.5 73.1
7.4 975.5 71.8
6.5 975.5 73.8
6.9 975.5 73.8
6.7 975.4 73.0
6.7 975.5 73.5
6.9 975.5 73.2
6.7 975.5 74.0
6.8 975.5 73.9
6.9 975.5 73.4
7.0 975.5 72.6
7.0 975.5 72.2
6.7 975.5 73.4
6.5 975.5 73.8
6.9 975.6 72.9
7.0 975.6 71.9
7.0 975.6 73.1
7.2 975.7 73.2
7.4 975.8 71.7
7.4 975.8 70.9
7.6 975.7 71.9
7.7 975.8 70.9
7.8 975.9 69.4
7.6 975.9 70.4
7.7 976.0 71.7
7.8 976.0 69.6
7.7 976.0 71.9
7.4 976.0 72.1
7.4 975.9 73.6
8.1 975.9 71.6
8.2 975.8 71.3
8.2 975.8 70.9
8.2 975.7 70.6
8.7 975.7 70.4
9.1 975.7 69.5
9.1 975.8 68.4
8.8 975.9 68.3
8.6 976.0 68.7
9.0 975.8 68.4
8.9 975.5 67.8
9.6 975.4 64.9
10.3 975.3 62.3
10.6 975.1 56.6
11.0 974.9 55.2
11.0 975.0 53.6
11.5 974.7 52.0
11.0 975.4 57.2
10.2 975.5 59.2
10.2 975.7 60.3
10.8 975.5 57.5
11.0 975.1 56.1
11.1 975.2 57.8
10.9 975.2 58.5
10.4 975.4 58.1
10.5 975.4 59.3
11.5 975.2 57.3
12.0 975.2 57.1
11.5 975.3 56.6
11.9 975.2 56.7
11.5 975.2 55.9
11.5 975.1 56.6
12.3 975.0 54.5
12.8 974.9 53.3
12.9 974.9 52.8
13.5 974.8 50.0
13.6 974.7 49.6
13.5 974.8 49.1
13.8 974.7 51.2
14.9 974.6 49.8
14.9 974.7 45.0
14.0 974.6 47.2
14.4 974.5 44.5
14.7 974.4 43.2
15.3 974.3 40.0
16.2 974.3 37.5
15.8 974.3 37.1
15.8 974.4 39.3
16.5 974.4 38.7
17.0 974.2 37.8
16.5 974.2 36.2
16.5 974.2 34.2
16.5 974.3 38.3
17.0 974.4 36.4
17.7 974.0 32.3
18.5 974.0 29.9
17.9 974.3 32.7
17.2 974.2 30.8
18.3 973.9 30.3
18.3 973.6 26.7
16.3 974.4 34.3
16.8 973.7 31.4
17.2 973.5 29.4
18.3 973.4 28.9
18.7 974.1 34.8
17.6 974.0 33.9
17.8 974.1 33.3
18.3 973.3 26.0
19.3 972.9 24.8
18.7 973.7 30.2
12.6 978.5 82.7
12.2 978.2 79.0
12.1 978.5 83.5
12.2 978.6 83.8
12.3 978.6 86.2
11.9 978.6 84.5
11.6 978.5 86.5
13.2 978.0 84.1
13.6 977.3 69.5
13.4 978.1 79.7
14.2 977.9 76.4
13.6 977.8 75.5
14.6 977.2 65.3
13.9 977.8 68.1
15.0 977.7 67.2
13.8 977.8 65.7
13.3 977.9 73.8
13.5 977.8 72.2
13.5 977.8 73.0
12.9 977.9 73.9
13.3 977.9 75.9
13.8 977.8 72.7
13.4 977.2 66.5
15.2 976.7 59.2
16.9 976.3 53.7
16.9 976.7 50.8
16.3 976.9 53.6
17.1 976.8 47.4
17.6 976.8 49.2
17.7 976.7 47.2
17.3 976.8 44.3
17.3 977.0 50.0
16.3 977.4 56.4
15.6 976.6 43.4
16.6 976.9 46.4
16.6 977.0 43.9
16.9 977.1 48.0
16.6 976.8 42.9
16.4 977.2 48.6
16.2 977.0 47.1
17.3 976.3 40.0
17.9 976.5 39.0
18.0 976.4 38.3
18.1 976.3 36.9
18.2 976.2 37.3
17.6 976.8 44.5
18.0 976.1 36.2
17.1 976.9 47.9
16.7 976.9 48.9
16.2 976.9 48.1
15.9 977.0 48.9
16.1 976.9 47.7
16.0 976.9 50.4
16.1 976.9 49.8
15.9 976.9 50.6
16.1 976.3 42.5
16.7 976.7 47.5
16.8 976.4 41.6
16.9 976.7 46.6
16.0 976.6 45.6
16.6 976.6 46.4
16.5 976.7 47.9
16.4 976.7 47.8
16.2 976.6 47.8
16.3 976.6 46.5
16.3 976.5 47.5
15.9 976.6 50.3
16.0 976.8 51.1
15.9 976.9 51.6
15.2 977.0 54.8
14.5 977.3 58.6
14.6 977.3 61.5
14.6 977.3 59.1
15.2 977.0 54.8
15.3 977.0 54.9
15.6 976.8 53.8
15.6 976.9 52.1
15.5 977.2 55.8
15.4 977.4 56.1
15.0 977.4 56.4
15.1 977.4 56.0
15.2 977.4 54.9
15.3 977.6 55.0
15.3 977.7 55.7
14.8 977.9 58.6
15.0 977.7 56.4
15.4 977.7 54.8
15.2 977.7 53.1
14.6 977.7 55.4
15.0 977.8 56.2
14.9 977.9 56.1
14.9 978.0 56.1
14.6 978.1 56.3
14.6 978.2 57.5
14.0 978.2 58.7
13.8 978.3 63.8
13.7 978.3 66.9
13.6 978.5 66.1
13.3 978.7 69.9
12.5 978.9 66.9
12.3 979.0 67.5
12.1 979.0 68.8
12.0 979.1 69.4
11.7 979.1 69.7
11.5 979.2 69.7
11.4 979.2 70.6
11.2 979.3 71.1
11.2 979.2 70.6
11.3 979.3 70.4
11.3 979.4 70.2
11.3 979.4 70.5
11.2 979.4 70.8
11.1 979.4 71.0
11.3 979.3 70.5
11.3 979.4 70.0
11.6 979.4 69.2
11.5 979.5 69.4
11.6 979.6 70.4
11.6 979.6 69.2
11.5 979.7 69.6
11.6 979.7 70.1
11.7 979.8 68.8
8.1 981.1 86.5
7.8 981.0 88.7
7.7 981.1 90.3
7.9 981.1 89.2
7.8 981.1 90.2
7.5 981.1 91.0
8.0 981.1 88.6
8.0 981.1 87.8
7.8 981.0 88.9
8.2 981.1 87.5
8.3 981.2 87.2
8.2 981.2 86.5
8.2 981.2 86.8
8.6 981.2 86.0
8.2 981.2 86.7
8.2 981.2 88.1
8.0 981.2 88.9
8.2 981.2 89.0
8.3 981.3 88.3
8.3 981.3 90.1
8.4 981.4 89.5
8.7 981.4 88.6
8.8 981.3 88.1
8.9 981.4 87.5
9.1 981.5 85.5
9.3 981.6 85.0
9.3 981.6 83.2
9.1 981.5 83.8
9.3 981.5 83.7
9.3 981.5 82.4
9.3 981.5 82.7
10.1 981.4 79.9
10.6 981.3 78.6
10.5 981.2 76.4
10.7 981.3 76.0
11.1 981.2 74.3
10.8 981.2 74.1
11.3 981.2 72.7
11.3 981.2 72.8
11.3 981.1 71.7
11.5 981.1 70.2
11.3 981.1 70.7
11.7 981.2 69.8
11.9 981.1 68.4
11.6 981.1 68.2
12.3 981.1 67.7
12.4 981.1 66.4
12.8 981.1 66.5
13.1 981.0 65.4
13.1 981.0 65.1
13.4 980.9 64.2
13.6 980.8 64.9
13.5 980.9 62.6
13.3 981.0 62.8
14.2 980.8 61.9
13.8 980.7 61.9
14.3 980.8 63.2
13.9 980.8 60.6
14.3 980.7 59.9
13.8 980.6 58.8
13.8 980.6 59.8
14.5 980.5 58.0
14.3 980.5 56.8
15.1 980.5 54.6
15.1 980.5 55.0
15.5 980.4 53.0
15.9 980.5 52.9
16.6 980.3 50.4
16.7 980.3 50.5
15.5 980.3 51.5
16.1 980.2 50.8
16.9 980.3 51.9
16.7 980.3 49.5
17.2 980.2 48.2
17.2 980.1 49.2
17.2 980.1 45.7
15.8 979.9 43.4
16.7 979.9 44.3
18.4 979.8 42.8
18.4 979.5 38.8
18.5 979.5 38.7
17.9 979.7 43.3
18.0 979.7 44.6
17.5 980.0 50.1
18.5 979.4 41.9
17.0 979.8 45.6
17.9 979.7 45.0
16.6 980.1 50.7
18.3 980.1 50.8
19.6 979.1 41.8
17.8 979.3 43.8
19.0 979.5 44.7
19.0 979.2 41.2
19.2 978.8 39.7
19.2 979.1 43.2
17.9 979.7 50.0
18.1 979.0 45.3
18.9 979.0 41.3
19.7 978.8 38.7
19.7 978.8 36.9
19.8 978.8 39.8
20.1 978.9 36.7
20.4 978.9 35.9
20.0 978.9 38.1
20.2 979.0 36.6
19.1 979.8 46.0
18.1 979.9 46.3
18.1 979.9 50.7
17.8 979.7 48.6
18.3 979.5 47.1
18.3 979.0 41.9
19.4 978.8 39.1
19.3 979.4 45.6
18.6 978.9 41.1
18.7 979.1 40.8
18.5 979.5 48.9
18.0 979.4 47.9
18.0 979.3 48.5
18.4 978.9 41.6
18.2 979.2 47.9
18.0 979.3 50.2
18.1 979.2 48.9
18.5 978.7 43.9
18.5 978.6 42.8
18.6 978.6 41.1
18.7 979.0 48.4
18.1 978.7 43.3
18.5 978.4 40.1
19.1 978.5 42.7
18.8 978.5 41.1
18.3 978.4 40.8
18.9 978.4 39.6
18.8 978.4 40.4
18.4 978.5 44.1
18.4 978.6 44.3
17.9 978.7 45.3
17.6 978.8 46.2
17.4 978.7 45.4
17.5 978.8 46.8
17.4 978.7 46.8
17.5 978.7 47.4
17.6 978.7 48.1
17.4 978.8 50.3
17.2 978.8 51.0
17.4 978.8 51.7
17.0 979.0 53.3
16.5 978.9 53.3
16.8 979.0 55.9
16.7 979.0 55.3
16.6 979.1 56.5
16.5 979.1 56.0
16.4 979.1 58.9
16.4 979.0 59.0
16.7 979.0 58.1
16.3 979.0 58.1
16.4 979.0 58.7
16.3 979.0 59.6
16.2 979.1 60.6
15.9 979.2 60.9
15.8 979.3 61.9
15.7 979.3 61.8
15.6 979.4 62.9
15.4 979.5 62.1
15.5 979.5 63.6
15.3 979.6 62.6
15.3 979.6 62.9
15.2 979.5 63.5
15.2 979.6 63.4
15.1 979.6 62.9
15.0 979.7 63.2
15.0 979.7 63.5
15.0 979.8 63.6
14.8 979.9 63.6
14.8 979.8 64.4
14.8 979.9 64.3
14.8 980.0 65.4
14.7 980.1 65.5
14.9 980.2 64.9
14.8 980.2 65.0
14.5 980.3 65.2
14.4 980.5 68.6
13.3 982.0 63.1
13.2 981.9 63.0
13.2 981.8 63.2
13.1 981.8 63.6
13.6 981.7 61.7
13.5 981.7 60.9
13.6 981.7 60.1
13.6 981.6 59.3
13.7 981.5 59.3
13.8 981.3 56.1
14.1 981.2 54.6
14.1 981.2 53.6
14.0 981.3 55.1
13.7 981.3 55.7
13.7 981.3 55.2
13.1 981.3 56.9
13.1 981.3 57.4
13.2 981.2 56.4
12.9 981.2 56.9
13.0 981.2 57.2
12.9 981.2 57.7
13.0 981.2 56.9
12.8 981.2 56.6
12.7 981.3 57.4
12.5 981.2 58.2
12.2 981.2 59.7
11.9 981.3 59.7
11.9 981.2 60.1
11.9 981.2 60.0
12.5 981.3 58.5
12.3 981.3 59.3
12.2 981.3 59.4
11.8 981.3 59.1
11.7 981.2 60.4
11.9 981.1 60.8
11.8 981.1 60.9
11.8 981.1 59.1
11.6 981.1 60.7
11.5 981.1 61.8
11.6 981.0 61.2
11.5 981.1 60.7
11.1 981.1 62.4
11.1 981.0 63.0
11.4 980.9 61.9
11.1 980.9 62.1
11.4 980.8 60.9
11.6 980.8 60.1
11.4 980.8 61.7
11.5 980.8 59.8
11.2 980.9 61.2
11.0 980.9 63.5
10.8 980.8 63.7
10.8 980.8 64.2
10.7 980.8 64.8
11.0 980.8 63.5
10.9 980.7 63.8
11.3 980.6 61.4
10.9 980.6 63.4
10.6 980.6 64.1
10.6 980.7 64.6
10.6 980.6 64.8
10.2 980.5 66.0
10.1 980.5 66.2
10.9 980.3 62.3
10.9 980.4 62.4
10.6 980.5 63.7
10.0 980.5 65.6
10.1 980.5 66.1
10.6 980.5 65.4
10.6 980.5 64.7
10.6 980.5 65.1
10.7 980.5 65.3
10.2 980.6 65.8
10.4 980.6 66.0
10.7 980.6 65.5
10.4 980.7 67.2
10.1 980.7 68.7
10.3 980.7 68.0
10.9 980.7 66.6
10.9 980.7 66.4
10.5 980.8 68.3
10.7 980.8 69.2
10.9 980.8 67.7
10.9 980.8 69.1
11.0 980.8 65.2
11.2 980.7 67.6
11.3 980.6 66.9
12.1 980.6 64.2
12.1 980.6 65.3
12.3 980.5 63.5
12.7 980.6 61.9
12.5 980.6 59.8
12.2 980.5 60.6
12.7 980.4 59.8
13.2 980.3 59.0
13.3 980.2 58.1
13.3 980.2 57.3
13.7 980.0 57.2
13.1 980.3 55.6
13.9 980.0 55.2
13.0 980.2 57.5
13.7 979.9 58.0
13.9 979.8 58.8
14.3 979.8 58.4
14.3 979.8 57.4
15.2 979.8 59.0
14.9 979.8 56.6
14.8 979.8 55.7
15.0 979.7 54.2
15.3 979.7 57.3
15.4 979.6 55.0
15.9 979.5 56.1
15.8 979.7 56.9
15.8 979.7 54.5
15.6 979.5 53.6
16.1 979.6 52.4
16.5 979.5 52.7
17.1 979.5 52.2
17.6 979.5 51.0
17.9 979.5 50.3
17.7 979.5 49.3
18.4 979.5 49.8
18.5 979.6 50.3
18.7 979.5 50.1
18.9 979.5 47.3
19.3 979.4 47.4
18.9 979.3 44.4
19.3 979.2 45.0
19.5 979.3 43.1
19.8 979.2 42.1
19.8 979.1 39.7
20.2 979.1 38.6
20.1 979.1 38.7
20.1 979.1 36.5
20.6 979.1 35.5
20.7 979.1 34.2
20.2 979.0 34.6
20.9 979.0 35.2
20.7 979.0 33.2
21.3 979.0 33.0
21.7 978.9 33.0
21.4 979.0 34.1
22.0 978.9 35.9
22.0 978.7 36.3
21.6 978.8 34.8
22.2 978.6 34.0
22.1 978.5 33.1
21.8 978.6 33.1
22.5 978.5 33.3
22.6 978.5 33.2
23.0 978.4 33.4
22.7 978.3 33.5
23.3 978.2 31.5
23.5 978.3 32.3
23.4 978.3 31.5
23.7 978.2 31.6
23.8 978.2 27.8
24.3 978.2 27.7
24.1 978.1 21.6
24.5 978.1 25.2
24.3 978.1 23.8
24.4 978.0 25.7
24.8 977.9 27.3
23.9 978.1 26.2
23.7 978.1 26.5
24.6 978.1 28.6
24.1 978.0 26.4
23.8 978.0 27.2
24.3 978.0 28.9
24.2 978.0 28.4
25.1 978.0 31.0
24.4 978.1 29.6
24.0 978.1 32.1
24.0 978.1 33.7
23.6 978.0 31.4
24.6 977.8 31.6
24.3 977.9 30.3
24.1 977.8 31.2
24.0 977.7 31.7
24.1 977.7 32.1
24.4 977.8 33.5
24.2 977.8 34.7
23.8 977.9 34.1
23.9 977.7 32.0
23.8 977.6 30.6
24.3 977.7 32.3
24.0 977.7 31.3
24.0 977.6 31.4
23.5 977.7 31.3
23.7 977.8 32.0
23.4 977.7 33.0
23.1 977.5 32.5
23.5 977.6 35.5
23.3 977.6 36.6
23.7 977.7 38.2
22.9 977.9 39.3
23.0 978.0 40.5
22.8 978.0 40.9
22.8 978.1 41.4
23.0 977.9 42.1
23.0 977.9 43.3
22.7 977.8 45.6
22.3 977.8 45.0
22.8 977.8 46.1
21.9 977.8 45.2
22.1 977.9 44.9
21.9 977.9 45.2
21.8 978.0 45.7
21.8 978.0 45.8
21.9 977.9 44.4
21.6 978.0 45.1
21.6 978.2 44.5
21.3 978.2 45.4
21.2 978.1 43.3
21.0 978.1 45.1
20.9 978.2 47.0
20.7 978.1 45.1
20.5 978.0 45.4
20.6 978.0 45.2
20.3 978.0 46.0
20.2 978.1 46.3
20.0 978.0 46.0
19.9 978.0 45.4
19.7 978.0 46.1
19.5 977.9 47.1
19.3 977.9 47.4
19.1 978.0 50.4
19.0 978.1 49.4
18.9 978.2 50.8
18.7 978.3 50.1
18.5 978.4 51.8
18.4 978.5 52.5
18.3 978.6 51.2
18.4 978.7 51.2
17.8 978.7 54.6
17.7 978.7 56.1
17.7 978.9 55.5
17.5 978.9 56.1
17.9 979.0 53.7
18.0 979.1 52.4
17.8 979.2 52.0
17.7 979.3 52.4
17.7 979.3 53.4
17.6 979.4 54.3
17.5 979.5 55.1
17.3 979.5 53.6
17.4 979.6 54.9
17.2 979.5 55.5
16.9 979.6 56.5
16.9 979.6 56.8
16.8 979.7 57.5
16.7 979.7 58.9
16.7 979.8 59.5
16.5 979.7 59.8
16.3 979.6 60.1
16.5 979.7 61.0
16.4 979.7 60.8
16.3 979.7 61.2
16.6 979.8 60.1
16.3 979.7 61.6
16.4 979.7 60.6
16.6 979.7 60.6
16.7 979.7 59.0
16.5 979.8 60.2
16.5 979.8 60.1
16.6 979.9 60.4
16.3 979.9 61.2
15.9 979.8 62.9
15.6 979.8 64.2
15.9 979.8 63.7
16.0 979.8 63.2
15.5 979.8 64.4
15.3 979.8 65.4
15.3 979.8 65.4
15.5 979.8 64.2
15.7 979.8 62.5
15.6 979.7 63.3
15.7 979.7 64.1
15.3 979.7 63.9
15.0 979.7 65.3
14.9 979.6 65.9
14.9 979.7 65.9
14.9 979.6 65.7
14.7 979.7 66.6
14.5 979.7 66.8
14.1 979.8 67.8
13.8 979.8 69.8
13.7 979.7 69.9
14.1 979.6 69.2
14.1 979.3 69.5
14.6 979.3 66.7
14.9 979.3 65.4
14.9 979.4 65.0
15.0 979.4 64.3
14.4 979.5 66.0
14.0 979.5 68.4
14.3 979.4 68.0
13.9 979.3 68.5
14.2 979.4 67.7
13.8 979.3 69.4
14.1 979.4 68.6
14.1 979.3 68.6
13.7 979.1 69.9
13.9 979.0 69.0
14.0 979.0 69.1
14.0 978.9 68.6
14.4 978.8 67.2
14.5 978.9 66.3
14.6 978.9 68.2
14.5 978.9 67.0
14.4 978.8 68.7
14.4 978.7 68.1
14.2 978.7 68.1
14.2 978.7 68.3
14.4 978.8 67.6
14.6 978.7 65.9
14.5 978.7 66.4
14.1 978.5 67.9
13.9 978.3 66.8
14.3 978.2 66.0
14.2 978.2 64.8
13.4 978.2 68.4
13.8 978.1 66.6
13.9 978.1 65.7
13.9 978.1 65.4
13.9 978.2 66.5
14.1 978.2 64.2
14.1 978.1 64.7
13.5 978.2 67.3
13.1 978.1 68.9
13.3 978.0 68.6
13.1 978.0 68.4
13.2 978.0 69.1
13.2 978.0 69.2
13.3 978.0 69.1
13.5 978.1 68.3
13.6 978.1 67.5
13.7 978.0 66.7
13.9 978.2 66.4
13.9 978.1 67.3
13.4 978.1 68.9
13.3 978.1 69.4
13.2 978.1 68.9
13.0 977.8 70.5
13.2 977.6 69.7
13.3 977.5 68.3
13.3 977.5 68.6
13.6 977.5 66.4
13.5 977.6 66.4
13.9 977.8 64.5
13.6 977.8 65.8
13.1 977.8 68.9
12.8 977.6 70.8
12.4 977.6 73.0
12.7 977.4 71.9
13.2 977.3 69.7
13.2 977.3 69.9
13.3 977.3 69.8
13.6 977.3 67.6
13.3 977.2 68.2
12.7 977.2 71.1
13.4 977.2 69.4
13.4 977.2 69.6
13.6 977.2 68.4
13.5 977.2 68.3
13.4 977.1 70.1
13.7 977.0 69.7
14.1 976.9 66.2
14.3 976.8 65.6
14.8 976.9 63.6
14.7 976.8 64.4
14.6 976.9 65.3
14.5 977.1 66.0
14.5 977.4 66.9
14.0 977.5 67.6
13.9 977.5 68.5
12.9 977.6 71.7
13.1 977.5 72.1
13.2 977.6 71.7
13.8 977.5 71.2
13.9 977.5 70.3
14.8 977.7 67.5
14.2 977.9 66.5
14.8 977.6 64.1
15.6 977.4 59.5
15.6 977.6 62.5
15.9 977.7 63.3
15.7 977.7 62.6
16.3 977.4 59.8
15.6 977.4 61.4
15.5 977.5 62.7
16.2 977.5 63.0
16.0 977.6 63.1
16.6 977.1 58.3
16.7 977.0 55.1
16.7 976.8 54.4
16.6 977.2 58.4
16.2 977.2 56.6
16.5 976.9 55.4
16.7 977.2 56.6
17.2 977.2 54.4
16.9 977.2 58.7
17.3 977.1 56.8
17.5 977.1 57.7
17.5 977.1 58.7
17.8 977.0 57.7
18.0 977.0 57.9
18.4 976.9 56.4
19.7 976.6 42.3
19.9 976.9 40.1
19.6 977.1 44.4
19.3 977.2 41.0
19.0 977.3 43.0
20.0 976.7 39.4
19.5 976.7 39.9
19.3 976.6 41.7
19.0 976.7 44.2
18.8 976.9 44.7
